-10.7891
-0.822754
-2.2832
0.535645
1.21875
-0.199097
-2.36133
0.556641
-0.0631714
-1.15625
0.0900879
-6.45703
-3.16016
-5.49219
-3.13086
-1.25586
-3.79102
-17.4688
-2.21875
1.10254
-0.307129
0.338135
-0.476807
-2.32812
-1.5166
-0.554688
-1.49414
-2.04883
-1.21094
-2.68359
-0.213501
-2.52539
-2.83984
-2.07227
-5.43359
-4.69141
-0.647461
2.43555
2.68359
3.04883
2.36523
1.3457
1.08984
0.752441
-1.04102
-0.458984
0.0957642
-0.240967
0.17749
-0.0117569
0.285156
-0.130127
-2.91602
2.11328
0.926758
4.82031
4.74609
5.69531
3.79688
3.5332
4.18359
2.16992
1.24219
1.49805
1.39355
4.56641
4.90234
4.83203
3.70117
3.30469
-0.858887
5.01172
0.824707
4.03516
2.69141
3.52539
4.10156
3.83203
3.4043
2.55664
3.55273
5.57422
3.72461
3.69531
4.47266
4.88672
3.8418
3.38672
0.562012
4.27344
0.437256
4.19531
2.55859
3.3457
3.83008
2.4082
2.57812
2.77734
1.68945
3.27539
2.86719
2.875
4.13672
3.64062
2.62109
2.98438
-1.49707
2.88672
-0.233521
3.18359
2.30469
3.18945
3.80469
2.26367
1.2207
1.22168
1.41309
1.25195
1.875
1.31836
1.95996
2.31055
1.3916
0.831543
-1.05469
3.11133
-0.286865
3.97461
2.7832
2.47852
1.59766
1.93164
2.03711
1.66699
1.9707
1.43652
2.53711
1.57129
2.36523
3.13477
1.75
0.949219
-0.395264
3.16211
0.197632
4.32812
2.03906
2.7168
1.74316
1.1377
1.05762
1.54102
0.783203
0.366699
2.25977
2.22266
1.92188
1.80859
1.78613
1.18359
-0.32373
3.10742
-0.455322
3.39453
-0.0779419
1.15332
1.92773
5.91406
1.39941
-2.38477
-1.43457
0.939941
1.50098
0.151611
0.629883
0.323486
-0.315674
0.820312
-0.895508
1.96582
0.137329
2.99023
3.20703
6.94531
2.89648
4.92188
2.10352
3.42969
2.25391
3.89453
1.2832
0.101562
1.36426
3.20898
1.96191
2.5625
-1.4043
1.09766
0.443848
3.05469
2.78711
6.59375
5.19141
2.80078
0.580078
4.58594
0.393555
0.676758
4.23438
3.01758
-1.65527
0.548828
2.18164
3.94141
-1.01172
0.506836
-2.06641
2.32422
3.60742
3.16602
2.77734
2.54102
2.7793
2.49414
3.02344
3.36133
5
3.40625
6.48047
2.55273
3.06445
3.13672
-0.0386353
0.710938
-3.08203
-0.916016
-0.374023
-0.322998
2.0293
2.69531
2.375
-0.0165863
5.05469
3.23438
0.352051
0.231567
2.38867
1.14062
2.81055
2.49609
1.38379
3.34766
-0.398193
0.847168
-0.723633
2.56836
4.26562
1.66113
-2.73047
-1.68457
1.5752
1.85059
1.21777
2.05664
3.02734
2.08398
1.72852
2.10352
-0.274414
3.44922
0.625488
1.83008
2.51172
2.76953
2.16406
1.18848
0.523438
1.81055
1.60742
2.14258
1.62891
1.48926
2.47461
1.8252
0.140015
0.34668
-2.65234
6.64062
0.0882568
0.833008
1.14844
0.394043
0.627441
0.70166
1.07227
1.28809
1.83008
2.1543
2.04297
1.48145
0.566895
-0.0421143
-0.721191
0.00813293
-5.40625
0.273926
-19.625
-4.4375
-1.93945
-0.393311
0.022583
0.783203
1.01172
1.2334
1.4375
1.27051
0.715332
0.0546265
-0.0719604
-0.488281
-2.26172
-3.85547
-11.5781
-23.4375
-6.80469
-6.85547
-4.77344
-4.08594
-4.37891
-5.96484
-4.22266
-4.11719
-3.55859
-2.87695
-4.25391
-3.89258
1.43164
-3.35156
-1.8125
-3.10938
-5.61719
-17.1094
-3.06055
-2.37305
-3.53125
-3.77734
-3.55078
-4.87891
-4.75
-3.36523
-4.19922
-4.09375
-4.37109
-5.87109
-2.78906
-3.07031
-3.24023
-3.78516
-4.73828
-13.5391
-2.18555
-1.1416
-1.75586
-1.87695
-2.49414
-4.14844
-3.9375
-2.80664
-3.72852
-3.53906
-3.35352
-3.8418
-3.5332
-3.36133
-2.82227
-3.75
-4.49219
-11.2031
-2.44727
-1.55859
-1.43652
-1.29297
-2.79883
-3.86133
-3.27344
-3.17383
-2.66992
-2.19727
-3.25
-2.72852
-2.60156
-3.18164
-2.01953
-2.68555
-4.60938
-11.6172
-2.61914
-2.89648
-2.19336
-2.66016
-3.58203
-3.72266
-3.10547
-4.21094
-3.63086
-1.80469
-4.27734
-4.41797
-3.61914
-4.375
-2.76562
-3.30273
-4.12891
-10.625
-2.6875
-3.16211
-2.62695
-2.85742
-2.93164
-3.38477
-3.55078
-4.46484
-4.58594
-3.43359
-5.07422
-4.32422
-3.10547
-4.76953
-4.33984
-3.09961
-3.82422
-9.71094
-3.03906
-3.69141
-2.9668
-2.60742
-2.84961
-3.93555
-4.36328
-4.51562
-4.49609
-3.98828
-4.78125
-4.01953
-4.07422
-4.73047
-4.29688
-3.28125
-4.42969
-10.1875
-3.69141
-3.70508
-2.4043
-2.65625
-3.82617
-4.53906
-3.95898
-4.11719
-3.53906
-3.63281
-4.94141
-4.39453
-3.64258
-4.48047
-4.00391
-3.41406
-4.79688
-9.91406
-4.30078
-3.46875
-2.32227
-2.00781
-3.66992
-4.47266
-2.9375
-3.30469
-3.77344
-4.12109
-5.30469
-4.63672
-3.33008
-4.66406
-3.44141
-3.40625
-4.65234
-9.77344
-4.98047
-2.0625
-0.994141
-1.81836
-2.60742
-3.06055
-2.54297
-3.45898
-3.92773
-4.11328
-4.58594
-4.00781
-3.18164
-3.75781
-3.49023
-4.07812
-3.69922
-10.3203
-4.86328
-3.31836
-1.64062
-0.520508
-0.787109
-2.94141
-1.86719
-2.47852
-4.01953
-3.79688
-4.82422
-4.38672
-2.47656
-3.52148
-4.33594
-3.70117
-4.11719
-10.4922
-4.10938
-3.26562
-1.70117
-1.68848
-0.0670776
-2.98047
-1.68652
-2.92188
-4.34766
-4.47266
-4.71094
-1.96875
-0.498535
-2.20508
-2.72852
-3.04688
-4.88281
-11.9688
-4.1875
-3.00195
-1.04297
-0.629395
-0.747559
-1.42188
-2.11133
-3.58398
-1.12207
-1.74414
-1.20703
-0.856934
1.49805
-1.21875
-2.24609
-3.40625
-5.44531
-12.1328
-4.58984
-3.14648
-1.72266
-2.77734
-2.98828
-4.60938
-4.55469
-4.74609
-1.79102
-1.83984
-2.05273
-2.62305
-2.27539
-4.3125
-2.84961
-3.81836
-6.69531
-13.1797
-3.00977
-1.93945
-2.82812
-2.26953
-2.50977
-3.16016
-4.5
-4.28906
-2.45898
-2.65625
-3.14258
-2.89453
-3.5332
-3.70898
-2.26367
-2.92188
-6.16797
-13.3672
-2.72266
-3.24023
-3.44727
-2.90234
-3.21289
-3.69531
-5.26953
-4.23438
-3.69336
-3.91992
-3.75
-3.65625
-3.61328
-4.04688
-3.52734
-3.33594
-7.54297
-14.75
-3.85547
-2.44922
-2.54297
-2.88867
-3.2207
-3.55078
-3.9043
-3.26758
-3.1543
-3.46484
-3.64258
-3.72461
-3.76953
-4.27344
-3.68945
-3.19922
-7.40234
-21.9844
-10.4141
-15.3281
-13.5391
-12.0859
-11.7734
-11.3672
-11.2109
-11.2188
-11.3203
-11.2188
-11.4219
-11.7109
-11.9766
-12.8203
-12.0859
-11.3125
-17.2812
-14
-10.5078
-2.17188
-3.18359
-2.53711
-2.68164
-3.76562
-4.48047
-4.01562
-5.28516
-4.73828
-1.07227
-2.41211
-15.4297
-0.953125
0.878906
-1.38965
5.98438
0.833984
-2.23633
-0.523926
-3.83789
-3.90039
-3.07422
-6.25
-6.35547
-3.04688
-4.125
-5.22656
-1.87793
-0.606445
-4.46094
-0.80127
-1.74512
-0.39624
-0.674316
-1.12012
-1.9873
1.81445
-0.334961
-2.2207
-2.32617
-5.36719
-5.34375
-2.68945
-3.54883
-4.60156
-5.01953
-4.4375
-3.99023
-3.64844
-1.77832
-0.697754
2.14062
-7.12891
-2.73438
2.03906
-0.0603943
-2.36719
-4.79297
-7.24609
-5.94922
-5.35547
-4.68359
-6.20312
-6.82031
-4.51562
-5.35156
-5.57812
-3.48242
-1.14258
1.45703
-5.50391
-1.75879
1.14453
-1.33594
-3.98438
-5.60156
-7.22266
-5.875
-6.96484
-6.78125
-6.58203
-7.125
-5.95312
-6.26172
-6.84375
-3.96289
-1.60352
3.56836
-5.13672
-1.53223
1.5459
-1.03516
-3.56836
-4.26953
-5.61328
-5.60938
-6.80469
-7.65625
-6.77344
-7.21484
-5.61328
-5.09766
-6.53516
-4.36719
-1.97559
2.79492
-6.07031
-1.65527
0.820801
-0.836426
-2.79297
-3.86719
-6.24219
-6.75391
-7.96094
-7.70312
-6.98828
-6.96484
-6.19922
-6.73828
-6.74609
-4.33984
-2.06445
2.74609
-5.75
-1.96387
0.812988
-0.521973
-3.05859
-5.625
-6.85938
-5.83984
-8.22656
-6.94922
-5.42578
-7.01953
-5.84375
-5.45312
-6.42578
-4.33594
0.0131073
4.40625
-5.99219
-1.80664
2.04688
0.841797
-1.56738
-5.08203
-7.56641
-2.58398
-5.04297
-4.35156
-4.35156
-6.62891
-6.01172
-4.91797
-5.78906
-3.48047
0.0879517
4.64844
-6
-3.51953
4.64844
-0.45166
-2.9375
-3.19141
-5.95703
-4.33984
-8.21094
-6.44531
-5.64844
-6.62891
-7.10938
-6.67969
-6.95312
-4.39453
-1.21973
5.13672
-6.12891
-3.07422
4.43359
-2.50195
-4.71094
-8.03125
-6.94141
-5.62891
-6.01562
-4.28125
-4.23047
-6.78125
-5.51562
-1.92871
-3.58203
-2.70898
-0.729492
2.73438
-6.91797
-1.6123
3.85352
-3.35938
-4.60156
-6.54297
-8.80469
-5.07812
-4.38672
-3.94141
-3.85742
-5.65625
-3.65234
-4.83203
-0.693359
-1.30566
-0.232666
2.74219
-6.78125
-1.78613
-0.459717
-6.84766
-1.15527
-1.65234
-6.53906
-8.54688
-7.25391
-7.63672
-7.27344
-3.33203
-7.11328
-9.49219
-1.67773
-1.34668
-1.55762
0.96875
-7.14453
-0.458252
3.14648
-5.6875
-6.01172
-2.85742
-5.75781
-9.92969
-9.46094
-11.0234
-4.22266
1.36914
-2.32227
-6.43359
-4.36719
-2.46484
-1.27051
1.24707
-5.21094
1.52148
5.88672
-4.43359
-4.71094
-2.91797
-3.51562
-6.15625
-6.94922
-5.35938
-4.38281
-3.73633
-5.07031
-5.32812
-4.46484
-1.60938
0.407471
3.375
-5.85156
1.12207
3.66016
-2.79492
-4.07031
-3.35352
-3.0918
-4.43359
-5.10938
-4.5625
-4.89453
-5.80469
-5.42969
-4.92578
-4.75391
-3.20312
-1.71973
4.62109
-3.27148
0.549805
3.60156
-0.676758
-1.55859
-1.9834