-6.52734
-1.8916
0.414795
0.955566
1.24805
4.10156
-0.850098
-15.3203
-12.3438
-13.6406
-7
-5.00391
-6.19141
-2.70898
-5.63281
-11.9375
-15.7656
-8.70312
-11.1484
-9.55469
-9.65625
-7.22266
-8.89062
-14.0938
-20.2031
-0.529297
11.0938
32.5312
13.8203
-3.9043
-2.62109
-7.55859
3.80469
-0.197144
-7.47266
20.9375
13.125
6.58203
-10.1719
-7.70703
7.06641
-3.20898
3.78906
12.3594
10.9062
1.09473
-7.34375
-8.26562
5.82422
10.0312
7.35547
8.32031
15.3125
9.71875
3.89453
-4.80859
-16.25
-0.936035
-2.17578
-1.76367
0.269775
-5.69141
-7.84766
-18.6875
-6.71875
1.45996
2.46484
-7.54688
1.18457
2.58789
-0.66748
-7.05469
-14.3125
-6.75391
-4.05859
-5.42578
-3.47461
-2.92188
-3.66602
-7.60938
-21.0625
-3.10938
-2.75195
1.58203
-3.82617
-8.85156
-6.42188
-8.5625
-7.72266
-9.03906
-1.06641
3.51172
4.99609
-1.63672
-6.88281
-7.19141
-10.7891
-1.21289
-12.6641
-6.00391
7.01562
-1.51074
-10.0625
-7.78906
-11.5234
4.05078
8.86719
4.49219
2.87305
6.69531
0.406006
-7.27344
-6.01562
-4.48047
-7.59766
-6.71484
-2.7832
-5.71094
-14.3359
-11.7578
-6.31641
-2.01562
-3.33789
-2.98828
-4.63281
-1.11035
-5.35547
-7.28516
-2.51562
1.44336
-1.74512
1.05762
2.56836
1.46289
3.22852
-6.91016
-1.18359
-10.0547
-5.97266
-5.22266
-2.4082
-0.643066
-0.905762
-3.76172
-1.18945
2.08008
3.42188
0.174683
0.793945
-7.40625
-1.91406
1.0918
-10.0859
-6.28516
13.5938
-8.3125
-1.58594
2.41992
1.25
2.16211
-4.74609
5.96875
5.38672
-9.9375
-15.625
5.31641
20.6094
0.5625
4.30078
9.00781
1.74121
-1.3125
-4.25
1.25586
11.1406
5.10547
-2.0293
-1.02734
3.01172
3.0332
-1.56934
2.05078
7.97266
2.92188
-0.470459
-1.24414
1.54883
-1.1582
-0.755371
4.90625
3.69727
5.40234
-5.60938
-0.311768
-0.836426
3.77734
-3.02734
-5.03125
-8.5625
-13.9375
-0.250732
0.724121
2.69531
5.99609
6.01562
3.55469
0.418945
0.599609
5.27344
5.44531
12.0078
12.5469
12.5781
6.84766
-2.71484
-5.98047
4.32812
2.5957
10.7109
4.05859
9.89844
16.4062
10.8906
-1.47363
-9.66406
-2.60352
0.457764
1.6582
-1.91211
6.89844
4.32031
-5.01562
-6.93359
-10.6016
-5.11328
-2.49414
-2.32227
-8.07812
-8.60156
-7.5
-4.19141
-7.35156
-6.125
-6.03516
-7.94922
-6.36328
-7.30859
-3.98242
-11.3125
-6.07812
-6.53516
-5.98047
-5.44922
-5.33594
-8.16406
-16.8125
6.02344
0.518066
-0.0355835
-1.66406
-0.69043
1.19531
7.83594
18.5156
7.82422
-2.31445
-7.02344
-9.03125
-5.56641
-3.47656
0.577637
6.16406
13.0859
8.71094
-3.33203
-9.53125
-4.875
-0.268555
8.66406
0.247559
4.92969
6.69922
4.48047
-6.50391
-5.17578
-6.67578
20.2188
1.15527
-7.09766
9.14062
-5.89844
-1.48926
-5.41797
-5.00391
16.5469
-4.42188
9.76562
8.25781
12.5703
14.7422
14.7422
11.6172
13.2734
1.72852
-0.867188
-6.14453
2.42383
0.757812
-0.509766
0.256104
-0.18811
3.91211
-2.70703
-4.45703
-1.41504
-2.63281
-2.82812
5.30469
1.86719
0.478027
-1.11816
-11.8984
-4.35156
-15.3906
-9.25
-10.8125
-7.6875
4.03516
7.02344
-11
-10.875
-11.3594
-6.44141
-7.09766
-4.23828
1.09668
2.32031
-14.125
-10.0078
-10.5859
-2.26367
-0.102844
-2.83984
2.00781
6.83984
4.76172
-11.4922
-15.1875
-10.5625
-2.41016
-2.26367
8.64062
14.7109
-0.602051
-2.7207
-4.93359
2.67969
12.6328
8.22656
7.87891
-2.46875
-1.36914
-8.15625
-2.66602
-3.03906
-5.92578
12.2109
2.02734
2.14258
-3.60352
-6.61328
-8.55469
-15.9531
-7.90234
2.9043
4.41406
3.59961
-15.1094
-8.16406
-15.4375
-13.2266
-7.51562
0.422852
6.37891
10.7031
-0.992188
-0.258057
-2.45703
-6.67578
-2.30664
0.14209
5.86719
-7.01562
-5.45703
-5.21875
-6.25391
-1.81348
-2.01953
-0.0725098
-0.748535
9.5
-6.61719
0.398193
-0.516602
1.39551
-1.20605
-0.976562
-4.35156
11.3438
-12.0312
18.875
-11.9531
5.05078
-1.41504
-0.680176
6.85938
2.52344
-2.90234
4.66016
-6.9375
-2.0625
1.95996
8.875
2.73633
20.0469
1.59961
1.60156
-1.01367
-1.05957
1.79102
8.55469
9.33594
3.9082
5.67969
2.19336
1.44531
-0.454834
-3.16602
3.40625
-1.99121
6.10938
-0.243774
1.28027
-0.67041
-2.56445
1.07715
-2.09766
1.58984
-4.04688
-3.34375
-2.22266
4.21094
-1.37695
-2.04297
-2.29102
1.49219
-0.216064
9.58594
6.08594
3.66211
0.4375
0.567871
4.125
-1.82227
6.23047
16.0625
12.1641
7.23047
4.61719
13.2891
15.3594
8.05469
-11.3203
5.32812
5.55469
8.21094
-1.60547
0.328125
10.625
2.83789
-13.5
-0.753906
-7.67578
-5.77734
-8.34375
0.17395
2.08398
3.32031
2.93945
5.68359
5.60938
7.52344
7.28125
7.1875
6.95703
3.26172
0.337646
5.16016
4.34766
3.57031
2.41406
2.54492
9.26562
2.03125
5.95703
3.61133
5.16406
3.60742
5.27734
4.77344
6.62891
3.34375
10.8672
2.48047
1.75488
7.23047
-1.4541
0.208008
6.34375
10.9141
6.63281
10.6094
1.96582
-1.37109
-0.460938
1.57129
5.78906
4.95312
16.6719
11.0312
7.96094
5.85938
4.10938
9.78906
12.6016
7.125
3.05273
16.9375
3.10156
-3.02539
0.515137
-2.51562
5.35938
5.72656
-15.3672
9.17969
-6.53125
-10.3516
-14.0156
-16.9375
-3.91211
-0.142456
-1.85254
-2.26758
-1.64453
-0.889648
1.69922
-3.66016
-7.69922
-4.99609
1.78613
3.0332
-0.265137
-0.682617
-1.15332
-2.83008
1.73535
-1.39355
-3.99609
0.438477
-1.48535
-0.851074
-1.15527
0.139771
-0.460449
-10.4922
-1.36816
3.98047
0.986816
9.90625
5.96094
-0.156616
-1.04395
-0.688477
9.64844
4.5625
5.75781
10.6641
6.91797
2.47852
1.85156
0.389404
6.89453
-4.03516
4.82031
6.16016
7.43359
0.602539
5
5.32812
7.64062
11.9766
-6.64844
-2.85742
-3.89062
-13.9297
6.71875
-1.74414
-1.17676
7.32812
1.92773
-13.1875
-11.5
-22.5
9.5
2.14648
-5.30078
-8.82031
-4.82422
-5.81641
-6.98438
-10.3047
-9.89844
-6.28125
-11.2031
-7.1875
-4.67969
0.714355
-4.75391
-0.779785
1.79883
-6.64062
-5.08984
-0.70752
3.02148
4.64453
3.08203
-1.52441
-0.788086
-10.4922
-5.41016
-4.71094
-5.05859
9.60156
-4.30469
-3.83008
-5.37891
2.05078
3.18555
-3.51367
-2.75195
-2.31836
-5.41016
-8.01562
-5.36328
5.75
14.0625
-1.06641
-6.23828
-6.54297
-6.67188
-9.14062
-1.78906
7.48828
0.47998
-6.6875
-10.9219
-6.83203
-8.47656
-1.55859
-1.53516
-0.851074
1.44727
-5.08594
-7.18359
-8.625
-3.30078
-7.98438
2.70703
1.30859
-6.21875
-9.14844
-5.3125
-2.63867
-0.927246
-1.06543
-0.206055
5.3125
-3.11719
-0.177368
-2.14258
-2.65625
-5.17969
-0.00381279
-1.37207
3.21875
1.61133
3.75391
1.21094
-1.68848
0.218994
-0.527832
1.17188
2.65234
-2.5957
-1.61719
-4.92969
2.14062
-2.05273
-4.65625
-1.84766
-1.2207
-1.5
3.48438
0.118896
5.39453
4.37109
2.85156
2.14648
3.58789
-1.07227
7.48438
-1.47461
2.46094
0.731445
1.52344
4.13672
6.82812
11.4062
-1.43457
0.933105
1.53613
-4.28516
3.99023
2.55859
5.67969
13.9766
1.50586
-3.49023
3.33008
-2.66406
5.59375
5.07812
5.11328
1.46973
6.25781
-0.436279
2.21484
0.915039
-0.093811
2.0332
3.79492
-1.88477
-5.41406
-1.51465
0.338135
-0.895508
-2.15234
-3.60547
0.760254
2.41992
3.54102
4.30859
7.09766
6.39844
6.33984
0.932129
4.59766
0.616699
-6.92188
-3.32227
-0.212891
-1.78027
-1.76562
-1.87695
4.23047
1.3584
-3.94531
0.992676
3.44141
2.36914
2.55859
-1.19043
-2.71875
0.733398
-1.61035
-3.55273
0.015274
3.98633
1.88184
-0.813965
-4.28125
2.38086
-0.895996
-0.286621
-2.54688
0.22876
-5.03125
-3.47266
0.129395
6.75391
1.3418
-2.19922
11.5
0.91748
5.14844
8.60938
-4.27734
3.0918
-0.452148
-3.05469
-0.935547
-2.16406
-2.08398
-1.66016
-3.91797
1.91602
-2.74023
-1.03516
-1.29199
-1.95605
-2.75781
-8.67188
-5.55078
2.42578
1.28223
0.184082
-0.304688
-0.279541
-0.377197
-4.85156
-2.11914
12.9375
-0.0154495
2.19531
-7.74219
0.745117
5.99609
6.21094
17.7031
6.70703
3.625
-0.383789
-4.57812
-3.95117
-1.0752
1.15137
9.35938
11.0312
-1.08691
4.36719
3.7168
1.39746
-0.51709
-0.381348
8.84375
-9.82031
-7.26953
-17.1094
-18.2031
-20.1094
-15.7656
-1.93066
5.66797
-3.78125
-10.9688
-10.7969
-8.64844
-8.07031
-18.75
-0.992676
4.12109
1.11328
-6.77734
-1.14355
1.36426
-0.700195
-2.4375
0.604004
10.6094
5.84375
-1.28711
1.72559
-3.09766
0.974121
0.837891
1.08105
7.25
7.10547
0.385986
-0.0391235
-0.404053
1.91016
2.41211
1.97461
9.78906
-15.0703
-6.78906
-6.65234
4.75781
-1.65039
-7.46484
-10.6328
-19.4375
-2.50391
-6.57422
-4.17578
6.34766
4.53516
-4.46875
-8.95312
-10.7344
-3.25195
0.0536499
-7.33594
2.55469
-2.06055
-11.3906
-9.77344
-9.64062
-8.24219
0.0109177
7.34766
6.94922
11.3125
0.829102
-4.67969
-11.9297
-6.55469
-2.58984
12.1797
12.8047
3.64648
-0.393311
6.75781
-7.03516
-11.8203
-6.21875
-4.85156
3.06445
1.25293
-4.57422
-8.40625
-13.4531
-14.4531
-6.53516
-3.48047
5.68359
-3.88672
-3.1875
-8.02344
-9.25
-13.6641
-3.8125
-2.81641
1.01758
0.0646362
-4.46484
-3.87305
-12.6016
0.893066
-6.46875
-3.08203
-4.64062
-2.54102
-4.29688
-4.89062
5.55469
0.155151
-9.86719
-8.08594
-5.91406
-4.01562
-4.27734
-5.30469
4.26562
-6.36328
-3.69922
-6.50391
-11.2109
-9.28125
-6.92188
-0.620605
2.19727
-1.17871
-5.96484
1.34961
-3.82812
-3.40625
-3.3125
-7.75781
1.7998
4.08594
-1.96289
-6.69141
8.84375
5.57812
4.52344
-5.03125
-4.26562
3.70508
-0.807129
5.82422
7.72656
7.14844
2.51953
-2.43164
8.34375
1.3916
-4.46875
-1.23438
-0.90332
-0.933105
-2.60547
-8.89062
6.22656
3.86328
3.38672
5.44141
4.36719
3.89453
5.76562
1.46094
5.39453
1.22949
5.05078
3.38672
4.21875
3.70898
3.60742
5.23828
-3.36328
-0.711914
1.42969
-0.0521851
-1.71289
1.83398
1.63672
1.94922
-2.04492
-6.86328
0.431641
3.03125
-0.608887
4.5
7.63281
4.30469
-1.29297
2.65625
-6.16797
13.625
9.89844
5.53906
0.663086
-2.22852
-4.92188
-10.0391
-8.97656
23.8594
16.3125
7.35547
-14.9766
-4.59375
-6.29297
0.745605
0.935547
4.25391
1.79297
-0.921387
-0.671875
4.44141
-5.77734
-1.21875
4.19141
8.00781
8.07031
4.01562
11.75
10.7734
1.71973
-5.67578
-2.39258
-0.159546
1.30859
-1.18164
2.12891
5.46094
2.13086
-3.10742
-12.3281
-7.99219
-5.36719
-5.00391
-5.26953
-4.11719
20.875
7.85156
6.98828
5.4375
0.814941
-6.58594
-3.14844
3.6875
16
7.41406
4.78516
8.44531
0.365479
-0.728027
3.28711
4.22656
16.625
9.26562
-1.65723
-16.0469
-1.85547
-3.32422
0.0231628
-9.25
4.33594
14.3125
-6.12891
2.5332
0.895996
11.7891
10.5625
-6.60156
1.08887
10.3125
-4.50391
-2.9043
-7.07812
-2.40625
-2.12305
-5.82422
8.75
4.12109
3.62695
-2.67578
-8.75781
-1.47656
-3.32031
3.62695
16.1562
7.56641
1.85938
2.24414
1.58496
-1.4209
-2.10156
6.75391
17.25
2.79688
-2.71289
-5.65234
-2.11914
-3.9707
-4.86328
-5.57812
12.1016
7.28516
5.37109
0.432373
2.59766
0.262451
-2.29297
-0.978516
0.995605
1.47363
9.77344
10.7344
7.51953
5.27734
7.59766
11.2109
8.83594
-11.6797
-5.66406
-6.29688
1.83008
-2.50977
-0.346191
5.51562
-2.47852
7.12109
-13.2969
-4.41406
-1.75098
-7.23828
-15.2891
-10.4922
-4.78125
5.89453
-3.3418
-3.62109
5.36328
4.39453
3.98242
0.900879
0.327148
-0.958984
2.40625
-0.708008
-0.046051
-2.94531
3.46875
4.82812
4.84766
12.1797
-1.11621
-1.63086
-0.626953
-3.14453
2.58203
0.149536
8.39844
10.5703
1.84961
2.47266
0.803223
-2.61133
1.04395
3.24414
14.6484
1.07324
4.34766
8.32812
2.60742
1.24512
0.476807
-4.32031
3.69141
9.74219
-13.2188
3.67188
4.71484
3.26953
0.968262
-9.88281
2.14844
-4.39453
-14.4062
-22.2969
-12.6953
-19.2344
-6.97656
-2.32031
8.14062
8.47656
-13.2656
-13.9062
-9.90625
-16.25
-19.7812
-8.4375
6.375
11.4453
-6.10156
-3.02344
-9.13281
-6.45703
1.24707
-8.34375
5.64844
8.69531
7.75
6.48047
4.30078
9.45312
13.9844
11.9766
7.80078
12.6328
5.46875
4.13281
-0.0130615
0.0119171
3.21289
4.58594
21.7656
2.75586
-8.625
-0.818359
1.50488
-3.35547
-2.40625
-3.7793
12.7109
0.603516
-6.65234
-1.26758
-1.51758
-0.780273
-0.291016
-2.22266
6.94922
3.77539
5.82031
1.46582
-4.94141
-2.29492
1.34473
1.78516
5.28906
-6.0625
3.30469
1.75293
-0.385742
-4.19141
-5.12109
0.0543213
1.30762
-3.76172
-5.79297
-6.51172
-3.60742
-3.87305
1.72461
-1.05078
-0.42749
-0.541992
-4.88281
7.01172
6.76172
7.28516
15.5391
-0.00960541
5.48438
-1.18066
-4.53906
1.62012
1.21387
-1.79492
3.60742
3.75586
7.375
5.80859
1.09863
3.64453
3.08984
3.22656
5.76172
2.21875
8.19531
-12.5547
3.11914
4.92969
-13.1875
-0.267578
0.470703
0.134766
-25.4844
-7.63281
1.92188
-1.60938
-0.430908
3.29883
5.39453
3.29688
-13.7422
-13.5312
-4.25781
-0.916504
4.67188
-1.86914
-5.41016
-1.49902
-13.8125
-7.50781
-1.03711
4.14062
-4.48047
-2.97656
8.91406
-7.58984
-0.491211
-9.96875
-7.95703
9.90625
8.91406
-2.64648
17.3906
5.60156
-9.875
-6.50781
-1.08301
3.64258
-2.57227
-0.934082
5.99219
6.53906
-10.0938
-1.12402
1.02734
2.06055
-3.35938
-1.2959
2.38477
2.42578
-15.0391
-8.39062
2.14258
0.94043
3.16211
3.05859
3.31836
2.49609
-24.4062
-4.78125
-9.16406
-0.520996
-21.1406
-1.6748
2.57422
2.25586
6.18359
-10.6406
-9.46875
-2.58594
-6.14844
-4.70312
-2.08398
-7.17969
-1.57324
-14.6016
-7.26953
-4.12891
0.981445
-4.0625
-2.82617
-7.05469
-6.72656
-10.6641
-1.52637
-13.9688
-6.48828
-7.95703
-7.91016
-7.53906
1.41309
-10.4766
-5.12109
-1.74316
-0.542969
-1.63281
-7.60547
9.1875
-5.21875
-8.17969
0.325439
-8.66406
-7.07422
-4.63281
-4.35156
2.70312
-3.44336
-2.17383
-3.57031
-4.25781
-9.85938
-7.19922
-5.08594
-1.26367
5.28125
5.20703
-2.08789
-1.31152
-0.564941
-1.17676
0.755859
1.22754
0.437988
-11.4844
-8.3125
-6.19141
-9.39062
-6.70312
-6.42578
-5.01172
-11.2656
-3.97461
8.09375
3.85742
-0.839355
-0.997559
0.705566
-0.236084
-5.125
-12.8672
7.12891
3.31641
5.86328
4.08984
3.02539
2.32812
-4.31641
-10.6797
1.19434
2.07617
7.34766
-0.912598
-3.38477
-4.91016
-7.14844
-4.16016
4.29297
1.41309
-0.641602
4.42969
5.09766
4.35156
-5.44141
-10.6328
4.11719
7.875
3.79297
0.175415
1.82031
1.88672
-6.45312
-2.95703
-6.87109
-8.63281
-8.34375
-10.5859
-8.47656
-5.875
-3.53906
-5.16406
-2.86523
-3.75781
-2.98828
-5.19531
-3.64062
-9.21094
1.64355
0.0257874
-0.506348
8.15625
1.1123
-2.65625
5.08203
0.270264
2.74219
-8.26562
1.9043
2.85547
-2.00977
-1.24707
2.20703
-3.43164
7.37891
-3.69531
-8.98438
1.22168
2.33008
-1.94238
-1.38184
-8.36719
-1.15918
-5.00391
4.35156
-13.625
-5.67188
-12.375
-6.53125
-0.941406
5.54297
-13.8516
-6.75781
-2.94531
-15.0859
-10.8594
-7.76172
-10.1094
4.59375
-4.4375
-10.9453
1.53223
-2.34961
0.921875
6.54297
-10.8906
4.72266
4.88672
4.34766
3.9082
2.72656
6.11328
5.14062
3.93164
8.23438
4.32422
5.65625
2.99023
1.66992
3.28711
6.69531
4.58984
14.5547
-15
-17.625
-10.5625
-7.34766
-6.43359
-6.92969
-7.98438
6.61328
-1.09863
-2.06055
0.822754
-1.73535
-4.05078
-2.69531
-1.48633
8.01562
0.140015
6.35547
3.65234
-0.12915
7.79297
5.78516
6.40234
6.76172
7.40625
11.9844
-2.33203
-3.29883
-7.41797
-10.1094
-0.471924
5.90625
-17.0312
5.26172
0.322998
-23.4062
-15.9141
-13.0625
1.25293
1.28125
-2.88672
0.0197144
2.50586
-4.53906
-0.910645
-3.97266
-1.14844
6.17969
-4.67188
-3.22656
-3.1875
-9.71875
-3.41406
-3.42383
-2.09375
5.92578
0.685059
-3.02734
0.984375
2.20898
2.03516
-1.49414
1.71289
11.4297
0.559082
4.35938
5.0625
3.59961
0.513184
2.60547
4.29688
-1.40234
-7.47656
-4.61328
-2.33398
-5.32422
0.500977
2.97656
3.54297
5.06641
-3.93945
-7.65234
-4.84766
-12.0547
-7.79688
-9.875
-7.45312
-9.39844
-2.18164
-7.72656
2.47266
-1.79297
0.386475
-7.13672
-4.89062
-4.52344
-20.7969
-5.42188
-2.70703
-14.8125
-11.2891
-17.3281
-6.66406
-5.00391
-5.61719
1.28613
4.09375
0.366699
2.09375
-2.34375
-5.03906
-2.47461
-2.43945
7.87891
8.51562
4.12891
7.27344
7.23828
7.23828
-3.07227
-2.36328
7.13281
2.16797
3.62305
3.93945
4.81641
7.44141
0.551758
-5.8125
-1.27441
0.92041
-11.9453
-1.83008
3.62109
4.83984
-5.02734
-0.205933
-11.5625
-5.75781
-3.39844
-3.10938
-1.3623
1.72754
-1.1084
-7.72656
-8.29688
-8.32812
-11.3359
-5.67188
-4.78906
-0.176636
-3.23438
-2.04492
1.32715
2.95508
-0.964355
4.39453
3.69531
0.549316
-2.69531
9.97656
-2.82031
6.83203
-2.33203
0.87207
-1.76953
-9.0625
-7.44141
5.0625
-2.47656
3.03906
5.33594
3.52539
1.81445
-10.6094
-0.538086
-1.81055
4.26953
2.97461
0.895508
0.0171356
-0.758301
-0.932129
-2.80664
-8.3125
-8.28906
-4.89453
-5.40625
-5.14062
-3.23633
-4.96875
-8.78906
3.22266
-4.27344
2.32812
-8.27344
0.0404358
2.80859
-0.519043
7.80078
2.15625
-4.17188
-3.24414
-4.25
-2.90039
-2.82812
-1.11914
6.875
0.611328
-1.86816
-2.57227
2.01758
6.28906
4.96094
7.85156
11.1562
-2.21094
1.86914
-8.25
-12.6562
-7.55859
-8.47656
5.42188
5.00781
9.00781
10.6484
-12.2422
-10.1172
-16.4375
-22.9219
12.6719
7.44141
4.55469
-2.79492
5.34766
8.21875
3.98828
5.24219
2.89648
11.0234
3.86914
-3.17578
-5.98438
-4.10547
-1.43164
-3.32227
-3.63867
4.00781
-0.323486
0.837891
1.52246
1.7002
0.876465
5.17578
3.61133
6.55859
8.40625
2.43359
1.77148
-10.4609
-1.64551
-1.31152
1.54199
3.08789
3.66211
2.36133
-3.34766
-7.34766
-2.33008
-1.2041
-0.205811
0.94043
6.74609
5.38281
1.65137
-5.48047
-0.157715
4.15234
0.175171
-1.41113
-1.90625
-0.565918
6.65234
10.4141
-1.18945
1.85156
0.489746
-0.0668945
3.60742
-5.46484
-2.41016
5.25391
7.57812
1.20605
-6.80859
-1.76758
-1.11328
2.7207
3.33008
4.73828
9.07031
4.08203
6.12109
-0.109497
1.88477
2.82031
1.4873
-2.12305
0.158569
-1.06543
-1.19629
0.367432
0.5
-3.84766
-2.67188
-4.25391
-4.72266
-1.31836
-1.51855
1.40332
1.56934
2.58398
-5.02344
1.25977
-0.847168
0.22522
2.48047
-1.4668
3.22461
-4.63672
-8.05469
-1.62207
1.7041
-0.144897
7.71484
2.97266
-5.67578
5.50781
-10.9062
-10.5
-4.53516
-3.83203
7.6875
4.58203
-8.36719
-3.60938
12.5938
22.6406
9.72656
2.89648
1.37305
-5.375
-10.1641
-0.265381
-1.50098
9.80469
8.07812
16.8281
0.141846
-7.42188
-7.51562
6.81641
0.695801
-0.10083
0.701172
-0.0121002
3.86523
-3.60156
-11.7578
-9.92969
-5.95312
-4.86328
-9.41406
-12.0781
-9.97656
-5.72266
0.685547
-2.25781
-4.67188
-1.28418
-3.40039
-1.51367
2.63672
2.17383
-4.25391
-2.29688
-3.66602
10.3516
-1.9209
-4.83594
2.58398
6.89453
9.875
0.0221405
-0.434814
3.74414
-0.349609
-2.08984
6.37109
9.89062
9.90625
-0.881836
-10.6641
-8.60156
0.992188
-5.83594
1.85254
10.9453
-1.13672
1.34082
-8.70312
-23.0156
-7.17969
-4.27734
-0.273193
-6.41406
-9.99219
6.96875
-1.11816
-9.25
-13.7109
-0.94873
8.08594
-7.71094
7.85156
2.27148
-0.373047
-2.46875
-2.49219
-3.73242
4.3125
2.88867
-1.38672
3.05078
4.51953
9.33594
4.50391
8.41406
7.01562
1.25781
2.1543
-4.88281
-1.78223
-3.37695
-3.46094
-5.16016
1.97852
9.89062
1.59473
-1.11621
-0.116333
0.469482
1.13672
1.42188
1.70898
-0.484619
-1.86719
-3.7168
-4.25
-3.08008
-1.85645
1.11328
4.76562
6.59766
2.25391
-3.5957
-7.88281
-10.2812
-11.6484
-12.2031
-6.64062
-2.29688
0.250244
-9.92188
-5.65625
8.92969
-1.13672
-6.48047
-7.85938
5.39062
-8.38281
-11.8203
-6.64453
-15.5391
-7.11719
-5.07031
-13.5
1.04199
-5.67578
-16.6406
-10.7266
-20.6406
-13.8672
-8.61719
-12.5234
-0.615234
-0.523438
-1.8877
-2.46484
-5.45312
-4.99219
-4.04688
-0.806152
-2.84375
-5.07031
-5.4375
-7.0625
-3.77734
-7.29688
-4.01172
-4.76562
-3.23047
4.13281
11.5234
10.5391
6.67578
8.36719
8.9375
13.7734
0.680176
-8.01562
-3.87891
-4.11719
-1.76953
2.17383
1.22852
1.2002
-7.82422
-4.79688
-0.47998
-2.60352
3.20508
2.4707
3.38281
-2.13281
-15.6875
-5.69141
6.35938
-4.43359
14.7109
-0.262695
-1.41699
5.17578
-1.28613
-3.12305
2.39648
-3.64844
15.0781
18.625
6.32422
6.10156
-3.75781
0.540527
6.54688
13.9844
15.0234
14.4141
15.8438
7.82031
-5.70312
4.23438
4.66797
3.75391
4.40234
6.26953
5.33203
3.51562
-1.57422
-1.82812
5.03516
2.08008
3.5332
3.49414
6.36328
3.16016
-5.92188
-6.88672
1.58691
3.70508
14.5
6.37891
4.66406
-5.23047
-11.4766
-11.9844
-4.25391
-0.563477
0.31665
0.74707
1.85938
-3.44727
-12.8359
-10.7266
-10.1562
-6.08984
2.91992
-0.134766
-0.720703
-5.78516
-13.2266
-2.51562
1.89453
-5.75
-0.543457
-10.4609
-7.75391
-4.82812
-9.16406
-3.77539
4.65625
-11.8516
-8.35156
-13.4297
-5.48438
3.05273
-8.30469
-3.70898
-3.80664
9.17969
10.7656
7.01953
4.48047
-1.67578
-12.1562
-2.65039
7.18359
13.3281
9.85156
8.78125
10.1875
3.48047
-11.9688
-13.7188
-3.50586
1.3584
0.414551
1.2627
3.88281
-4.51562
-14.7578
-0.883789
-0.519043
-0.653809
-2.10156
1.19824
3.28516
7.35156
10.7812
1.75098
0.698242
-3.27148
-5.85156
-2.08203
-2.83203
0.277344
2.26953
7.20703
17.6562
1.13965
-5.53516
-3.9707
1.25
9.48438
7.80469
-3.19336
-7.30859
0.167114
7.24219
3.49219
6.37109
12.7188
-1.10254
0.557129
-4.86328
-2.98242
2.33984
-3.57617
4.33203
1.43164
-0.786133
2.4082
12.5078
9.875
4.19531
6.97266
11.4297
9.71875
0.205688
-5.53906
0.318115
0.144531
-3.63477
-4.05859
-3.5332
1.18555
-1.0918
-7.55859
-4.03516
-3.16211
-4.41406
-4.58984
-1.49609
-1.07227
-7.84375
7.23828
7.23438
8.97656
6.59766
6.30078
8.46094
8.33594
7.64062
5.92578
5.22266
3.73242
0.158936
2.37695
5.37109
5.46484
12.1016
2.42969
-0.569824
-0.568359
1.19141
1.39844
2.51953
-2.18164
4.92578
-11.0781
-0.879883
-32.8125
-20.4062
-25.2656
-5.60547
12.9531
12.7109
-8.82031
-5.14062
-18.875
-6.32422
-20.625
-25.3125
1.41211
10.3203
8.03125
11.3516
11.1172
10.1641
9.49219
3.01758
3.1582
10.1016
12.0234
3.83984
3.05273
3.08984
4.37109
2.90039
2.70898
14.4609
4.17578
5.21484
5.25
4.03125
5.94531
5.66797
5.00391
6.34375
11.3906
-1.94629
-6.58203
-2.15234
-5.50391
-6.89453
5.07031
13.9141
14.2188
-2.78125
-5.00391
-2.03711
-3.67773
-3.44922
1.58008
8.24219
12.8594
5.72656
-1.55176
-4.34766
-3.05273
-1.64648
6.04297
9.49219
11.1094
5.42578
14.25
3.0625
1.72559
0.848633
5.42578
-3.42969
15.7109
13.3203
11.0703
3.16992
5.14844
13.7734
20.9688
0.643066
11.1172
13.7266
0.243652
-0.743652
-0.45166
0.142456
20.5
5.01562
8.47656
3.38867
-3.84961
-2.46875
-1.59473
-0.491211
8.29688
8.51562
20.1094
7.39844
3.70117
2.22852
1.70508
-1.19434
4.30469
16.2969
14.125
-0.417725
2.48047
-9.84375
-3.81836
-1.1875
8.35938
14.8203
4.90625
5.58203
1.32422
1.52148
-0.217041
2.83398
7.6875
-5.78125
1.88281
5.14062
7.53125
5.60547
4.01953
9.90625
10.4453
-6.79688
0.31543
2.16602
0.509766
2.55859
-2.13281
9.77344
7.90625
-7.10938
3.81055
-1.5918
-0.964844
1.3584
-3.875
4.11328
1.34473
-5
-2.00586
-2.94336
-0.130249
-1.91992
-0.260254
2.69141
-0.763672
-9.58594
1.19238
3.28516
-0.806152
-4.28516
-0.874023
2.7793
6.11719
-4.92969
9.88281
1.16406
-3.39648
-2.4082
-4.08594
-0.657715
-2.01562
-9.14062
5.5625
0.689941
-0.806641
-0.722168
-1.91602
1.56445
-1.37598
7.63672
3.55273
3.5
1.61719
1.08887
-2.11719
1.89453
1.55371
10.875
8.53906
-0.309814
4.00391
1.50977
-3.71094
-0.912598
-3.62109
4.86328
3.81836
1.95312
6.10547
9.22656
4.66797
5.875
-3.88867
1.72754
3.2832
0.474365
-8.5
-4.84375
2.10938
10.9531
2.99219
-2.63281
-0.440186
-6.10547
-10.9766
-11.5391
-12.6484
-11.9531
-2.84766
6.79688
4.34766
5.08594
-3.47656
-4.40625
3.48047
-0.692871
-2.58594
4.375
4.3125
-3.53125
-4.73438
-7.35156
-5.58594
-5.40625
-2.05078
10.9141
1.94531
3.26172
6.94922
2.54492
5.95703
6.34375
10.9844
2.23438
-0.574707
-4.83984
-6.07031
-1.23828
2.125
-0.773438
0.216431
-5.30078
-3.97461
2.91797
-2.41406
-1.76953
-0.36499
-3.87305
0.368164
-9.46875
-19.5781
-13.4766
-9.15625
9.04688
-7.76953
-8.07812
2.15234
-3.2168
-15.1172
-16.4688
-21.3906
-5.78516
-10.2344
-21.6719
-16.375
-7.66797
-9
-3.8457
1.24219
7.89453
6.80859
-0.887207
3.83398
-8.08594
-1.58887
-3.75391
-6.53125
-7.74609
-8.1875
-7.57031
-6.55859
-4.81641
-8.6875
-3.45508
-2.03125
-2.79883
-4.05078
-0.459961
-2.09961
-9.39844
10.3984
-0.0992432
2.41016
8.27344
6.45312
1.73828
-2.42773
18.2812
8.57031
-2.52734
0.3125
1.65137
1.52637
0.208374
-4.83594
10.8828
4.69141
-6.66016
1.21875
0.525391
3.31445
0.702637
-4.42578
10.8047
1.93945
-2.01953
-17.4062
-21.1875
-9.19531
-16.4219
-9.17969
9.90625
4.82422
5.44922
-9.35938
-13.1797
-13.1016
-22.3906
-4.83594
14.2109
9.10156
4.91016
1.24023
4.67969
5.53516
-1.33984
7.875
14.8906
10.9844
4.96094
5.09766
4.46484
2.95508
2.46289
6.60547
16.9688
13.8125
2.11719
7.31641
2.01367
4.79688
3.41016
3.10547
23.4531
-10.8828
0.98291
2.18359
1.45703
3.18945
2.84766
2.15625
-20.3125
-2.15625
1.65234
1.69043
1.4375
2.57812
3.52539
6.58984
-5.34766
-2.49219
8.27344
0.0147018
-3.16406
0.721191
-0.116638
4.48828
-11.2266
-4.35938
4.69531
14.875
4.80078
12.6953
10.9297
1.70996
-3.99609
-6.98828
-3.52344
8.57031
10
11.1953
22.4844
3.24414
-6.73828
-6.06641
-1.9707
-4.75781
-2.95117
-1.99121
-5.71484
-0.420166
-9.48438
-1.18652
4.09375
-0.922852
-2.07812
3.85547
2.4043
-1.19727
-4.46875
-13.5781
1.1416
1.10352
1.05762
2.31836
0.93457
1.09668
-18.4062
-8.33594
5.51172
2.30078
4.29297
5.73828
2.39648
5.26562
-8.64844
6.67969
9.09375
4.125
2.32812
4.69141
4.08594
5.05469
-2.08789
-3.74023
10.25
11
5.29688
6.13281
10.6562
11.3672
-3.75195
-6.83203
-7.25781
4.39062
16.1875
9.77344
0.663086
-1.95605
-4.67578
-4.22656
1.6875
-1.48145
5.62109
7.37109
5.69141
-8.20312
-5.09375
-2.72266
7.55859
7.34766
6.86719
6.01953
10.9531
8.35156
-4.33203
0.635254
0.680176
0.914551
-0.225586
-3.92969
-2.11328
-0.937012
0.955566
-9.73438
1.09766
2.83984
-0.702637
1.6709
6.79297
-0.575195
-11.7578
-4.79688
-2.62891
-2.89844
-11.0078
-2.01758
-3.7832
-2.17188
-3.19922
-2.09961
-2.48047
-6.14062
-2.51953
-1.08887
-3.50391
-3.98438
-14.1641
-6.98047
10.7812
1.75781
-0.967773
-2.29102
0.48877
8.80469
-6.96484
-9.86719
12.5234
-8.10156
-20.7188
4.12891
5.48438
7.46094
-13.3125
1.00391
12.3281
-15.1641
-9.83594
-5.45703
-4.34375
13.6719
-8.03906
-6.55859
19.6094
13.6641
9.5625
10.5859
14.2109
20.125
-11.0156
-10.625
-6.08984
-7.5
-8.19531
-8.21875
-10.6406
-4.25781
-13.2578
4.84766
5.23438
0.0485535
0.902344
0.745605
4.92188
4.60938
-1.78613
-5.77734
5.00781
0.0420227
1.95312
2.92188
1.11719
-4.22266
-26.3438
-1.66211
2.00586
7.49609
9.34375
7.94141
8.375
7.28906
-8.39062
-8.67188
-11.6406
-3.88281
-3.44727
1.66406
3.94531
0.869629
4.63281
-4.77344
-18.4219
-0.083313
7.48828
-1.00977
-1.42676
-6.59766
-4.66797
7.23438
-6.60156
16.9531
1.92676
6.13672
1.21777
-11.2812
2.2832
8.27344
1.5332
-7.34766
-4.35156
-6.75781
-3.70312
0.521973
0.951172
5.25391
20.0312
18.8438
22.2812
20.7812
20.6719
19.2031
-1.02832
-14.0156
-1.19629
3.66602
2.9082
5.88672
-3.48242
-0.427246
-8.625
2.625
9.96875
6.61719
12.4609
10.2266
6.76953
5.99609
3.16406
12.0391
13.7031
10.0469
8.71094
6.49219
6.87891
9.33594
10.9922
19.375
11.1016
10.625
8.21875
4.89062
3.93945
5.54688
12.0938
13.9531
2.04492
10.0781
26.875
2.78125
1.94824
5.98047
3.57422
6.88281
11.1641
17.5
8.42188
16.2812
21.2969
1.53613
7.64844
6.44922
7.45312
9.10156
0.522461
4.82422
10.3438
-0.691895
5.26172
7.13281
9.65625
9.83594
8.89844
11.2031
8.11719
13.1797
6.64062
9.95312
13.4297
10.6484
9.90625
12.6797
8.52344
13.2031
12.5078
4.16797
2.30273
3.34961
4.94141
0.802246
1.83789
4.39062
3.15234
8.125
15.2734
13.1406
7.19531
5.85938
8.98438
11.0469
4.10547
9.47656
5.47656
11.8281
5.88672
5.55469
8.60156
7.13281
4.15234
-4.46875
-6.83984
-29.5625
-27.1562
-23.3281
-13.2188
1.13672
5.48047
-7.93359
-4.95312
-16.0469
-14.8359
-22.0312
-22.1562
-4.23828
1.53516
3.62891
7.90234
8.20312
1.55273
6.09766
5.78906
9.34375
2.19531
11.5859
12.0625
8.03906
4.35547
7.71094
3.20312
9.14062
5.82031
11.4609
8.51562
6.13672
7.08984
6.36719
5.15234
9.32031
6.35547
16.7969
3.74805
3.90039
0.817383
1.20508
3.73633
-0.46582
10.5625
3.1875
3.77344
4.62109
2.46875
4.33594
7.94531
7.55078
6.83203
9.58594
-1.79004
-0.0617981
-1.67676
-1.31055
-2.6543
-2.10547
3.42773
-6.48438
-12.2266
-17.4531
-5.81641
-7.03125
-6.81641
-5.83984
1.7832
-3.21484
-9.38281
-11.8047
-9.36719
-5.36328
-9.40625
-10.2812
1.71289
10.3047
4.33984
-3.24414
-6.16406
-0.441895
-2.45898
4.95312
8.49219
13.125
5.24219
2.66797
0.366699
3.60742
0.645508
6.19531
7.70703
18.0625
5.40234
1.33789
1.35449
2.0957
4.39453
5.33594
18.9375
3.27344
9.07031
6.1875
-1.21973
5.67188
7.76953
7.46094
-10.5547
-2.55273
1.69531
-0.176392
-2.35547
-0.258789
6.20703
9.77344
-4.66406
0.504395
4.55078
-1.08105
-3.77344
-6.90625
-5.25781
-0.964355
-4.16406
-7.14062
9.24219
-0.716309
6.62891
8.00781
-3.47461
2.43359
5.01953
-7.14062
3.96875
-5.40234
-2.61523
7.31641
3.43945
10.0312
8.46094
-4.83594
4.23828
-2.15039
-4.75391
-2.86328
-2.84766
15.3516
1.11914
2.06836
5.28125
-1.52441
-5.07422
-1.23145
-3.76953
7.85547
-4.75391
-7.98047
5.28125
-0.742188
1.95703
-1.62402
2.20898
4.24609
-14.0469
-2.75
2.2168
10.6875
5.85547
6.25
9.85938
5.99219
-3.51953
0.182983
13.2891
9.70312
6.12891
6.86328
12.2578
9.8125
-3.31641
-5.76953
1.97754
11.4688
4.88281
4.54297
11.6797
4.75781
-1.86621
-14.1094
-34.7812
-16.9062
-21.7344
-15.2812
-7.03906
-14
-2.70703
-4.5625
-16.3438
-12.8828
-0.965332
-4.77344
-9.26562
-18.2656
-4.90625
3.33203
7.46875
10.7031
5.66406
10.0156
9.875
8.67969
4.30469
11.5391
14
11.1016
2.5957
5.41016
2.75586
5.69141
-1.16211
12.5312
15.9609
15.0938
13.8281
13.5859
16.9375
10.8047
2.61328
-4.45312
1.25195
-0.71582
-1.30664
-2.52148
-0.620605
-2.42188
-3.12109
2.03711
1.80273
-2.0957
-2.71094
1.69629
0.224121
3.39453
2.90234
8.78125
15.8203
1.81348
3.23828
4.13672
0.733887
3.36523
3.16992
0.997559
20.5938
-7.34766
0.445801
-5.29688
3.91016
8.53906
0.70459
-4.92188
13.5469
-1.55762
7.90625
-2.45898
10.4531
17.3594
3.61914
-4.66797
15.2422
7.17969
9.39062
10.125
9.96094
18.3594
1.95312
-1.27441
8.33594
4.51953
1.0293
3.99805
4.51562
7.89453
1.75488
-8.03906
2.12891
2.40625
-0.643066
3.19727
-0.0253906
3.22656
3.61523
14.6719
16.1719
9.04688
-4.82812
4.35547
10.3984
13.5234
1.62207
4.48047
12.5
-0.196167
3.06055
2.46094
3.54883
10.9375
-4.33984
-5.13672
8.60938
-1.45215
4.48047
0.367432
1.87891
7.83594
-0.802734
-15.1875
-2.07031
16.2344
4.39844
-8.82031
-8.60938
3.82422
-1.14648
0.253418
2.23242
4.97266
13.7969
9.36719
5.96484
0.873535
-0.967285
0.635254
4.5
0.673828
2.45898
3.49219
4.83203
2.99805
-4.86719
7.88281
8.38281
2.77539
2.23438
9.22656
6.87891
11.0234
-2.60352
2.88672
7.72266
3.11328
2.5293
3.07617
2.13281
2.48438
5.8125
-16.1875
4.62109
3.86133
-6.57422
2.50391
3.05469
2.47656
-21.4062
-8.17188
-0.14502
-0.599121
1.68164
-0.113281
0.479004
-0.77002
-12.3438
-24.8125
-4.31641
0.301025
4.9375
1.36719
2.84961
2.23633
-14.1953
-13.1719
-16.0938
-1.67773
14.6406
-15.7422
-10.2109
-7.69141
-7.67188
8.61719
-13.0391
-2.31055
21.125
11.1562
10.2266
-15.8594
-6.23828
-17.5
-3.0918
-0.544434
0.996582
0.719238
4.66016
-0.358154
-10.5391
-9.88281
0.326172
-2.68945
-7.14844
-2.78516
1.75684
-0.144775
-10.0312
-18.4375
-0.673828
-2.28516
-0.669434
0.212524
1.60156
-2.99219
-22.1719
2.6582
12.0625
10.5078
8.28125
10.9375
13.7578
20.7656
-15.3906
4.36328
21
15.4766
8.39062
6.39453
12.2891
15.4453
-15.8828
2.54688
14.3047
16
13.5938
7.51562
13.6797
14.4609
-5.86328
-10.4922
-11.4297
-10.1641
7.73828
6.56641
3.14062
-9.07031
-7.70312
4.59375
-9.83594
-4.04688
1.19727
2.20898
9.66406
-9.53125
-7.73047
2.80664
7.10938
11.0078
4.96484
10.1719
12.0078
7.23438
-12.9297
2.5
7.72266
1.67969
-1.5498
4.42188
13.0078
7.00391
-18.8594
3.05273
7.09766
4.77734
4.42969
2.03125
3.87305
2.83008
-11.875
-9.69531
-5.53906
-2.10156
-7.46484
-6.33594
-5.61328
-10.7266
-15.5469
-3.44531
0.899902
0.334717
-2.70703
0.144409
1.64453
-4.54297
-6.06641
-4.79688
9.85156
10.0547
3.5332
4.02734
6.70312
5.49219
-7.51562
-2.72852
-3.81055
5.25
2.98633
-4.82422
-0.635742
-4.99219
-9.42969
-0.889648
7.76562
1.84277
10.9922
3.13281
1.11719
7.10547
-12.1562
2.14453
16.7969
13.6641
5.07031
8.17188
7.55469
14.2578
-2.42188
-4.91016
-5.40625
-8.64844
-12.5703
-11.1719
-16.3281
-11.25
-7.51953
-4.73828
1.56445
-2.04883
-1.2959
-2.38281
3.54102
-0.928223
-7.12891
-4.58203
4.54688
1.31445
-3.82617
-1.90234
-0.312012
1.50195
5.36328
-0.505371
2.17383
1.33301
4.77344
1.43359
1.83789
2.40039
0.599121
-10.8047
-3.08008
6.05469
9.48438
4.26953
3.74805
6.98438
1.49707
6.08594
4.67188
13.9531
15.7422
10.1406
2.61133
1.28125
-3.59961
9.73438
3.02344
15.8281
11.4453
8.96094
8.86719
1.3877
-0.797363
0.0473022
2.70117
7.28125
4.36719
3.91797
8.33594
0.797852
-3.3125
-5.10156
-1.21387
-1.74414
-1.38574
-3.31641
-3.2793
2.86914
1.20703
-3.39062
3.15234
1.1543
1.76172
0.59375
2.42578
6.28516
3.02344
-6.15234
-2.99219
-2.32031
2.66992
-1.72461
0.111328
-3.5
-3.16992
5.72266
1.54004
1.81055
3.74219
-0.321777
0.0184021
-2.66602
1.02148
-3.40625
2.46484
-5.45312
-5.62891
-4.82422
-0.628418
7.03516
4.76172
5.37109
-1.29004
11.7812
19.2812
9.32031
-5.06641
-14.4062
-6.03906
-9.8125
-0.0334778
-2.25977
-3.13086
6.51172
13.5547
1.79785
-9.83594
-6.15625
0.23584
-7.58594
-10.1328
-9.96094
-9.65625
3.17969
5.89844
2.27539
2.79492
1.18066
4.01562
1.63672
1.75977
-1.11816
2.87695
11.5547
4.41016
5.02734
3.9375
4.88672
1.85938
5.38672
10.7031
-8.75
2.15234
1.45703
7.92188
3.08203
0.4646
4.78906
0.11554
-4.20312
3.17383
2.25391
3.75781
3.73633
6.0625
9.75
5.92188
-0.941406
-13.4609
-12.1016
-2.00586
-4.94531
-3.08203
-8.60938
-3.44922
-3.23828
-4.12109
-11.9141
-7.88281
2.85742
5.51172
-3.05859
2.19336
-2.83789
-6.0625
-2.70703
10.1797
7.39453
9.57031
-5.22266
4.95703
-2.29688
-6.85547
-6.29688
-3.43359
-4.07422
-5.83984
-6.08594
-3.00781
3.90234
10.6875
7.78125
2.14062
0.945801
2.35742
15.1406
7.19922
-8.35156
-7.62891
-7.00781
-7.27734
-4.66016
-5.35938
-7.99609
-8.96875
-5.97266
6.17969
7.22656
13.8047
8.92188
8.60938
6.15625
3.41797
0.251465
7.1875
10.2109
8.67969
5.73047
5.05859
-2.76758
0.109985
-0.618164
-8.17188
0.566406
3.17383
0.310303
0.982422
-0.918457
2.78516
-0.168945
0.355225
-16.0781
4.38672
-1.24219
-1.44531
-4.53906
-4.46484
1.84277
0.225342
-9.6875
12.6562
14.7031
9.28906
-10.3359
-1.05566
-13.6875
-0.252197
6.96484
5.48438
6.83203
7.15625
-3.38281
-10.9844
-6.46484
-2.42969
0.234375
1.70996
-3.14844
2.15039
6.52734
-2.84375
-4.96484
4.57031
3.46289
1.25781
4.58203
-0.683105
5.98438
-0.613281
8.46094
11.6016
5.57812
12.2969
3.65039
3.29297
12.8672
17.2188
0.715332
-0.114258
-2.52344
2.56445
1.75391
-0.727051
1.95312
0.0508423
8.58594
17.6719
3.29883
4.37109
1
-1.63867
-2.65234
-4.57422
0.220947
9.39844
13.7969
6.31641
-6.86328
1.13086
14.7969
-2.35156
3.18945
5.99609
-7.26172
-0.165405
-2.65234
-2.38672
18.1562
-8.72656
-2.21484
7.26562
-3.19922
-2.42773
-2.77148
0.432861
20.375
-1.16797
-1.36621
1.88867
3.2168
1.95312
0.361816
0.623047
7.3125
2.74609
-3.1875
-0.465332
-3.98047
-4.82422
-5.53125
-3.17383
-2.32227
0.591309
5.32812
-1.06152
3.57812
6.21875
6.06641
3.04297
0.45459
18.1562
-3.58008
-4.99219
0.369141
4.5
6.21875
1.61816
-6.69531
10.3516
0.998047
-2.52148
-0.954102
-1.0625
-2.87891
-6.85156
-6.43359
4.33594
12.1406
7.79297
0.362549
-4.79297
10.0625
-0.779297
2.84375
12.2109
-3.21875
-14.8125
-8.50781
1.1543
7.03125
-7.09375
-7.66797
7.60156
-5.38672
-14.8281
-4.95312
3.46484
2.72266
-2.44922
-11.0078
7.54688
-2.66992
-7.375
-1.02734
0.552246
-2.53906
2.12891
-5.91797
2.56055
1.5752
-5.58203
-0.75
-0.509766
-0.353271
-0.49585
-7.16016
0.998535
13.0859
1.6084
2.86523
3.91602
0.565918
4.07031
7.96875
2.76758
-1.88086
-6.08594
-2.49805
-0.268799
-2.91992
-2.36914
-5.58984
-7.59375
-5.35938
-9.99219
-9.11719
-4.44922
-4.27734
-6.23828
-5.60547
-5.01562
-1.78809
-17.7188
1.95312
7.89062
4.03516
0.637695
-11.3594
-8.57812
5.5625
-16.125
5.87109
9.96875
2.93164
1.87695
-3.13672
-8.46875
5.57422
-5.21484
-6.78516
-3.04102
-2.06836
-4.41797
-10.6406
-8.32812
-0.686523
-0.0714722
-1.61426
-2.04688
-1.3623
1.97754
2.73828
-7.625
6.26562
-1.06934
-4.03906
-4.66406
-1.77148
-5.6875
-1.87402
0.884277
-2.66797
0.19812
-0.206909
-0.039978
0.237183
-1.19727
0.360596
3.50195
-4.80078
1.66797
0.374023
-4.04688
-4.1875
-3.82422
-5.56641
-1.8252
-3.48633
-1.6582
11.8281
8.46875
0.557129
-0.374512
-8.15625
-4.94922
4.28125
11.3672
-6.38672
1.40625
-5.89453
-1.16992
3.94922
1.26953
7.66406
12.0547
-0.646973
-0.055603
-0.831543
0.599121
15.9766
5.92578
8.21875
6.40234
7.87891
1.49902
0.441895
5.21875
6.00781
-2.06055
-0.978516
-0.221069
1.07129
2.40234
1.99023
7.18359
7.33984
3.53516
4.30859
0.247437
3.2832
2.41797
0.551758
2.44922
3.52344
8.65625
10.3125
-2.96875
1.54102
3.1875
0.911621
-1.61035
-2.14648
21.8438
6.63672
3.51758
6.39844
3.50195
4.10938
2.56836
-6.90625
3.96484
17.2344
9.78125
17.4219
20.9062
16.7031
2.44141
-3.61914
3.76562
0.727539
-1.31348
-1.25195
-0.472168
5.41016
5.125
-3.79102
7.21484
-15.5469
-5.66406
-5.38672
-0.376953
-7.14453
-10.8438
0.870605
3.19922
-0.757812
-9.10156
0.533691
1.91309
-0.549316
-9.625
-14.0703
3.78906
-6.71875
-7.36328
-3.37109
-10.7969
-5.09375
-6.48047
-6.32422
-1.52051
9.39844
1.77441
0.858398
0.388428
1.3877
-0.270508
-1.41602
12.7578
-4.85938
3.13672
6.53906
-8.8125
1.34668
6.13672
9.14844
13.3984
2.39844
10.3281
0.879395
-7.73828
-7.95312
-2.97656
-0.676758
13.2812
-14.9141
8.88281
9.65625
17.1875
13.3203
14.1484
11.3594
13.6562
-24.8906
-5.97656
-0.915039
6.54297
-18.0312
-11.0391
3.82617
6.47266
-26.5312
-4.17969
-6.58594
-0.355225
-15.7109
-14.5078
-1.18652
9.5
-10.2109
1.61523
12.0781
10.1484
6.54297
10.1094
-4.625
4.14844
-4.57031
4
-3.18555
-8.58594
0.806641
9.03906
6.69922
10.875
-9.26562
4.85938
2.05859
-4.00391
2.08594
2.00977
2.40234
11.9922
-13.7188
2.41602
2.93164
2.01172
4.59766
1.33105
2.04297
-12.4844
2.07422
10.9531
5.68359
4.48047
3.65234
1.39648
2.11133
-7.85938
-3.76172
8.08594
1.98145
6.92969
4.66016
6.17578
6.61719
-7.15234
-3.04492
3.21484
6.78516
6.57031
11.0312
1.17871
-4.72656
-8.84375
-9.21094
5.44531
4.23047
7.85156
5.60156
18.9062
10.3359
-9.78906
-11.3047
0.346924
4.10156
5.03125
5.12891
5.05859
-1.3418
-9.53125
-11.9844
-1.42578
-3.26758
-5.38281
-2.00977
-2.10156
3.125
-5.64453
-20.1094
1.30273
1.54785
2.71875
1.94824
-0.491699
-0.851562
-21.7031
-13.5625
-11.0312
-4.55859
-10.0547
-7.44922
-4.64844
-4.98828
-2.07812
-3.81055
4.48828
1.37402
-1.85449
-3.00977
1.08691
-0.741699
2.36523
-6.55859
4.64453
11.7109
13.6875
6.93359
9.625
7.04297
1.34961
-6.98828
19.2969
-19.75
-27.3438
-4.40625
-0.181641
7.66016
6.08594
-10.0312
24.1406
-13.3047
-25.0938
-22.2812
-16.1562
11.4375
8.20312
-7.31641
8.20312
10.1172
7.66797
7.67188
10.8906
15.9375
2.77539
-2.75781
0.318359
-6.75781
-9.33594
-10.4609
-9.53906
-3.88086
-0.999512
-9.79688
1.63086
2.20898
2.87695
0.749512
3.57031
-3.38281
-9.32812
-5.36328
-1.11523
1.09375
18.1719
1.79004
0.261719
-1.65625
3.74414
2.58984
-5.36719
-1.55566
4.50391
4.14062
-2.92188
-4.54297
1.92676
11.9844
-1.67871
-2.42383
0.55957
-0.497559
-10.9375
-7.02344
5.10547
13.0703
-5.41016
-17.3281
-0.186401
3.25586
8.54688
-3.58008
-5.74219
19.4688
-1.97461
1.00684
1.51367
8.67969
16.6094
0.000178337
-7.91797
-3.51367
2.18945
4.61328
4.05859
0.0696411
7.4375
5.24219
-3.36328
-6.40625
-8.98438
-4.05078
4.36328
-6.75391
-3.99805
-6.91797
-4.58594
-7.3125
-6.9375
-0.279785
-0.399902
-4.93359
-2.57617
-1.69336
3.37695
1.27344
4.44531
3.55469
4.75
6.56641
9.33594
8.63281
7.53125
-6.44531
-0.169067
-0.879883
-1.32227
1.20898
-0.566406
-1.38281
-0.480469
-5.00391
-7.01953
1.69629
4.00391
-2.83594
-6.62891
-6.21094
-1.37891
-17.5312
-19.6562
-20.75
-0.0848999
1.89746
-5.82031
-14.6875
-5.57031
-8.03125
-16.5781
-1.29395
-2.50195
-1.12305
-11.5
-28.4531
-1.60547
-5.59375
-8.89062
0.95166
1.15625
-1.52441
-1.27734
-6.63672
-3.19141
1.08105
3.04492
0.682617
4.0625
6.16016
2.25586
0.807617
-2.36719
2.9707
1.25293
2.54297
3.08984
2.80859
3.9707
1.29199
4.19531
2.9668
0.394287
3.98047
4.27344
2.89844
3.83203
2.63477
3.22656
-0.993652
5.83984
2.86914
-1.31445
0.835449
4.69141
4.58984
3.52344
-0.536621
-7.16016
5.80469
4.86719
1.18066
-2.26953
-5.24609
0.956543
-2.77539
1.69922
-2.20898
-4.82812
1.19141
6.58984
-5.07031
4.24609
-2.41406
-0.0526733
5.95703
2.34766
-2.9707
8.73438
7.90234
6.58984
3.52734
-3.03516
5.72656
-1.36133
-1.79492
6.46094
2.20703
8.11719
4.25
-5.35156
-4.70312
-6.58984
-7.79688
-6.98438
-2.02539
2.67773
-1.74414
-5.51172
-5.0625
-4.24609
-5.30859
-0.456787
-3.90039
-2.16406
-14.4766
-4.18359
-2.8125
-4.78516
-2.4375
-5.11719
-6.07812
-4.48828
2.47266
-1.23926
-0.0716553
-1.20703
-3.49219
-4.72266
-4.39062
4.71875
-0.720703
-0.440674
-2.29297
3.46094
-0.0844727
-1.79102
-4.10156
0.350586
11.4062
11.5078
9.28906
28.6094
13.9922
10.5781
8.96875
3.00195
6.30078
9.24219
-0.241821
8.54688
10.7578
3.27148
13.8438
3.04297
-1.57129
2.41797
3.78125
2.00586
-1.03223
3.18945
1.13867
4.94141
2.06836
-3.51953
-5.71484
-6.67578
-5.45312
-4.55078
-5.88281
4.63281
-15.4297
-1.92383
-0.951172
-2.2168
-3.45703
-4.75781
-1.87207
-12.2891
7.29688
0.670898
3.69141
8.71094
6.23438
3.66602
-0.578613
11.0938
-3.53516
-3.77344
1.64453
3.90234
2.24609
-0.404297
-3.59766
-6.96094
0.631836
4.09375
0.669922
2.15039
-0.532227
-3.39453
-3.64844
-5.17188
1.13379
-1.19238
-2.66211
13.8906
6.5625
-0.352783
-1.00879
-4.92188
-4.44531
-3.76172
-0.285645
13.1719
10.375
-5.35547
-6.87891
-8.14062
-1.64062
-0.776367
0.224365
5.53906
4.67578
0.282227
-9.33594
-7.5625
0.348145
-0.218506
7.05859
11.9531
8.23438
8.27344
-2.18164
-8.30469
5.63281
-3.62891
-0.618164
2.10742
0.867188
1.03027
-2.95117
6.87109
-0.273682
-5.17578
-8.34375
5.21094
-0.0721436
-5.25781
4.45312
4.47266
-2.0957
-15.4844
-14.1484
-5.04297
-4.01953
-7.78125
-8.54688
0.613281
7.33594
-6.58984
-14.2031
-10.3047
-10.4766
-12.0938
-12.4062
-5.01562
13.5312
17.8438
6.58984
1.98535
12.6641
7.5625
0.713379
1.00781
5.83594
14.7266
14.75
0.490723
3.63672
10.8516
8.04688
-2.30859
6.60156
-6
-5.54297
-6.06641
-6.03516
-0.286865
-6.53125
-2.07031
-3.26953
-6.40625
-2.16016
-0.585938
-0.904785
-3.90234
-1.78711
0.480225
-1.06543
-2.85156
-3.53711
-2.19531
0.15979
-0.962891
-6.01172
-1.17188
-0.365479
2.33398
-2.41211
-1.70215
-3.19141
-4.76562
-5.19531
-5.22656
-2.34375
-1.7373
-3.99219
-2.50586
-0.5625
-1.0625
-1.38086
-4.95312
6.58203
11.0391
-3.1582
-9.76562
-6.96875
-5.73438
-0.254639
-6.07031
7.41406
8.64844
16.0625
-4.76953
-1.89551
8.01562
12.5859
-6.54688
8.78125
8.65625
17.4062
15.0547
0.230103
8.07812
14.9609
-7.84375
6.29297
12.5859
9.04688
13.3516
10.4531
4.13281
8.05469
-5.39062
-3.93555
-0.614258
2.66602
1.94727
-1.08301
-0.228271
-2.71484
-7.12891
-2.46484
-0.0287628
-5.47656
-3.48828
-2.91211
-3.54688
-2.61523
-10.4062
-10.8438
1.09473
0.511719
2.66016
2.79102
0.734863
-2.60547
-16
-2.89648
5.83594
11.1016
13.9609
9.77344
10.8125
4.10938
-5.92188
-3.72852
-0.284668
10.6406
15.8203
8.70312
10.4453
4.84766
-4.26562
-13.6172
-9.47656
-13.8281
2.34375
-11.5
-3.82812
-14.0859
-3.89844
4.03516
0.211182
-4.24609
4.75391
2.09375
12.5703
-5.94531
-4.62891
-8.25
-4.01562
6.08594
4.65625
7.64844
7.24609
-1.19238
-6.15625
1.88184
5.44531
6.16016
9.02344
10.9219
9.17188
-0.768555
-11.0156
-9.33594
3.6582
4.07812
5.77344
5.69531
3.70508
-2.19922
-13.5312
-1.05762
-2.17969
-1.9502
-4.39062
-3.54492
-3.59961
5.41016
4.82422
-7.93359
-2.87891
-5.05469
-3.45508
-1.36328
-0.29541
6.41016
-5.06641
-0.746094
8
8.35156
-0.427246
4.56641
3.71875
5.94922
-0.624512
-2.44922
3.52734
-3.88477
-7.20703
-0.84082
7.77734
6.91016
-2.98242
-9.25781
-13
-15.6797
-6.34375
-8.44531
-9.71875
-5.52344
-1.24121
2.75977
-3.82422
-2.96484
0.394287
2.86719
-1.7793
3.90039
-1.46777
2.76367
2.37891
0.599609
-1.50977
-2.95898
-1.41797
6.83594
-2.78906
12.9062
1.84766
2.42383
1.1709
1.3916
4.35547
3.5918
2.79688
4.875
1.55273
4.14844
1.0332
4.82031
4.62109
-2.60156
12.8281
-1.5166
-5.77734
-0.585938
0.825195
-0.189087
-1.7002
-6.03906
6.21484
6.07031
-1.21777
5.90234
-0.103943
0.330811
-1.92285
-7.31641
5.17578
2.06055
2.97266
4.52344
3.60547
-8.07031
-11.4297
-1.45996
1.62598
23.25
-7.35547
1.64258
22.1562
11.2969
-0.495117
-8.57812
3.91211
6.01562
-13
-6.95703
0.303711
2.24219
0.51416
-9.59375
8.21875
3.49414
0.406006
5.97266
2.96875
5.02734
6.07812
3.81836
5.96094
10.4609
-2.36523
4.88281
1.92188
5.19531
3.35547
-0.625
10.9141
0.477539
7.47266
5.3125
1.27734
4.41797
2.65625
1.67285
-8.79688
1.04102
1.71387
1.36035
-0.884766
2.21289
1.80566
2.3418
-1.34082
-13.6328
-4.08594
9.39062
5.60156
7.65234
9.42188
4.05859
-2.30859
-4.41406
-5.55078
15.2344
23.7188
5.92578
-5.66016
2.14844
-0.10144
-14.5625
-1.13672
3.84961
10.4062
14.7266
-6.19531
-3.19336
-2.42969
-6.39453
7.70312
8.8125
7.9375
10.5
12.6719
9.47656
-1.47168
0.786133
5.38672
2.60938
1.38965
0.985352
2.39062
5.12109
-0.180054
-5.68359
5.80078
6.30078
2.9082
7.47266
4.56641
5.51172
-1.86621
7.18359
2.91992
5.47656
4.80078
5.82812
7.47656
9.15625
11.4688
-7.86328
-7.92969
-2.49805
-6.05469
-4.62891
-1.06152
-3.80078
2.75586
-3.04492
-1.04004
3.21289
9.29688
7.28906
2.56445
-9.09375
0.477783
-8.45312
-6.53516
-0.115662
4.31641
-4.27734
0.880859
-9.83594
-2.34375
-9.3125
7.93359
4.82422
-5.53906
-6.0625
9.36719
-8.33594
-7.22266
0.547363
14.9688
11.1641
7.53125
8.69531
6.98828
13.7266
1.21484
-4.45312
2.3418
2.05078
-0.824707
1.77441
0.645508
-0.571289
-1.19434
4.48047
-0.345703
-1.35645
-4.82422
-3.01758
-2.54688
-2.14844
9.42188
-19.9219
-8.95312
-4.12891
0.75293
-1.19336
-4.12109
-7.61719
-20.2031
-11.4531
-0.230103
0.670898
0.137329
-0.938965
-0.00324059
-4.32031
-12.0156
-12.2422
-8.16406
1.65723
3.9375
2.69922
6.51953
-2.04492
-9.25781
-6.51953
-12.6406
-2.35742
20.4531
12.4219
2.84961
-13.0234
-10.25
-15.5234
-8.46875
-1.37891
1.76172
5.64062
14.6641
-10.625
-11.6562
-10.3203
-8.0625
0.599609
-0.147095
-0.269531
-0.582031
-9.14062
-14.0156
-10.2266
-0.285645
2.7168
0.766602
2.10547
-0.585449
0.525391
-9.125
-16.2188
0.267578
-1.53516
-0.209473
2.01172
-0.743164
-0.192017
-14.9141
7.68359
0.898926
2.38086
3.90039
-0.355957
1.21875
1.04492
15.3672
2.0918
2.12305
3.8418
5.98438
2.49609
0.193481
-0.971191
2.60938
-1.5625
-6.82812
-1.1709
2.74609
1.11719
-3.08203
-4.64453
-0.373291
2.2207
-9.72656
-16.625
-4.42188
-13.8906
-14.4062
-5.67188
-0.488037
14.7734
-7.78906
-5.1875
6.28906
2.4043
-10.1797
-7.86328
6.9375
13.2656
5.33594
6.55078
8.55469
8.03906
2.83008
-2.32617
6.14062
16.7188
10.2188
10.0312
13.1719
9.67188
5.5
3.24023
6.20703
15.7812
8.09375
13
14.25
8.58594
9.57031
2.67578
13.9609
6.04688
-0.27417
0.896484
-9.53125
-1.13867
0.861816
-1.47168
2.73438
3.59766
1.19531
-0.665039
-2.28125
-0.94043
-1.75
-0.0309753
-0.626465
2.00391
-5.60938
-2.71094
-3.57812
0.132812
1.3916
1.0127
1.99414
0.141968
-6.28125
-21.4844
-23.7031
-19.4219
-10.3203
-4.39844
10.3438
4.70703
-8.32812
-20.2031
-28.7969
-23.3906
-21.0625
-11.1016
6.96875
5.48047
-7.07422
-9.63281
-4.80469
-2.07227
-5.55469
-4.51172
7.82422
1.76953
2.73438
-0.649902
-0.734375
0.257324
-0.0822754
-1.69238
-2.89453
-2.85352
-2.54883
-2.31641
-3.86133
-3.32422
-0.349365
-2.31445
-0.791016
-1.03613
1.23047
0.552246
-0.147827
2.44531
2.07617
2.72852
5.61719
0.0888672
-0.949219
1.16797
6.53125
5.83203
3.55469
0.0103607
1.92773
6.41797
-8.16406
-0.558594
0.167358
-1.00781
-6.0625
-7.17188
1.37891
1.51562
2.23633
-1.03418
10.9531
0.35376
6.70312
6.52344
11.4297
-9.00781
-11.7812
-9.95312
-2.5918
-6.40234
-6.89844
-11.2031
9.42188
-3.50977
-20.0312
-13.0703
-8.53906
-2.05078
-7.42578
-17.4375
3.76953
1.16895
-3.16016
4.24219
4.58984
2.81836
5.91797
4.89844
2.54688
5.97656
-5.29688
-0.188477
1.39746
2.33789
3.77148
-0.508789
0.867188
0.240112
-4.59766
-0.0328064
-2.99023
-3.44727
-0.378662
-8.89062
4.66406
4.60547
-2.63086
3.93164
3.95312
3.47461
4.09766
-1.77441
16.8281
4.32812
-13.4453
1.0498
6.98438
4.25391
-1.59375
-7.53906
15.1484
1.55859
-5.27734
-16.3594
-17.3281
-16.4219
-16.9531
-2.85547
13.125
8.60938
-6.0625
-11.2578
-6.07812
-3.84961
-13.3438
-3.06055
8.53125
-1.70898
-11.2344
-11.3359
-1.54883
1.30664
-4.33594
-5.69531
11.1875
5.74609
-2.11133
-1.88184
0.158936
3.19922
-0.460449
-3.61719
13.7031
7.39844
0.133667
0.893066
2.67773
2.62305
1.8252
-2.44141
20.4688
-21.4062
-6.51953
-1.7002
5.96875
-3.77344
-6.65234
-10.4297
-23
-12.3203
-0.187256
-3.99414
-3.64258
-0.311279
-1.64746
-2.28125
-11.5859
-3.39258
3.00195
-1.52246
-2.73242
-1.54492
-2.52734
-4.19141
-13.5938
4.66016
2.87109
-2.625
7.11719
4.98438
-2.21094
1.22559
-2.95703
-21.3906
-5.96094
-15.7344
-2.20117
-0.760742
-14.9062
-11.1172
-3.66992
-15.1562
-2.44727
-5.52344
-3.50781
-2.22852
-2.01562
-3.53711
-9.96875
-10.0625
-1.78906
-1.57324
-2.1875
-2.27734
-8.60938
-11.9453
-13.7422
-20.8438
-8.80469
-7.91797
-6.69531
-5.64062
-3.07422
-11.3672
-21.7188
3.56641
0.165405
-0.868652
3.54297
0.181763
-3.16602
-4.95312
4.76172
2.11914
0.297852
0.039917
-0.526367
-0.291504
-1.84375
-3.15625
2.18359
12.1406
16.2344
7.66797
3.57227
4.25391
6.06641
4.95703
2.73242
5.64844
-6.72656
8.63281
10.4609
-5.30469
-2.21484
-1.32227
3.04688
1.60059
-9.76562
-1.6748
-0.155029
-1.00879
2.20898
-6.10938
4.54688
-4.21875
-4.40234
-3.2832
-0.122742
3.11719
6.24219
4.65234
10.5234
-5.40625
-5.74609
-6.38672
-7.03125
-4.85938
-3.56445
-6.72656
4.31641
-0.0307465
-3.86719
-3.96875
-4.84766
-2.00195
-2.81055
-3.49023
2.26172
-0.612305
-0.598145
2.15234
-2.5918
-0.582031
-0.909668
-2.60547
-1.68555
-2.8125
-0.206543
0.753418
-1.94922
-1.92188
0.0402527
-4.625
-8.96875
-4.92188
-5.875
-1.16113
-1.69824
2.83203
4.43359
-0.699219
-5.08203
-9.79688
-14.5078
-11.8281
-3.83984
-8.3125
-1.7793
-16.8438
-10.0938
-3.98047
-9.48438
-10.8516
5.41016
-3.75195
-0.894043
-3.33984
-11.0938
0.321289
3.04102
5.41406
-0.651855
-1.56152
2.09375
-0.751465
-3.8125
1.65527
-5.07812
-4.56641
-3.29102
-5.02734
-5.46875
-8.82031
-5.42578
9.67969
1.76074
4.39062
5.01953
3.00391
2.97852
3.47266
10.4922
10.4453
-2.14062
-0.213623
-1.19531
-3.94141
-2.0918
-7.35547
13.1641
0.0506592
-4.75391
-3.8418
1.1748
0.200806
0.266846
-1.69922
5.91797
0.000504971
-5.75
1.87207
2.78906
-0.97998
-5.75781
-6.46094
4.05469
4.88672
5.91797
-7.32812
-16.7812
-6.56641
5.42969
8.60156
5.16016
12.2266
4.79297
-2.89844
-4.19922
-8.23438
-8.53906
7.00781
6.50391
4.41406
3.24805
3.79492
4.1875
4.11719
2.35742
-1.53125
9.875
5.52344
-4.55078
1.47363
3.9082
2.71875
-1.56445
-4.73438
3.70508
19.3281
2.69336
2.7207
5.80469
5.23828
10.9766
6.11328
20.5781
6.23438
4.33203
6.05859
5.14062
3.80078
5.01172
5.51562
1.30859
-6.75781
-4.75
-2.58789
-2.26367
-1.34863
-2.44727
-2.64258
-6.59766
-0.605469
-2.84766
-5.51953
-2.625
-9.71094
-12.0703
-4.10547
-6.89844
-0.644531
7.69531
-1.62012
-3.01562
3.6875
0.748535
13.1562
0.8125
-1.11426
10.9062
-5.57422
-4.29688
1.9873
-7.51953
7.12109
-3
6.66406
4.07422
-0.424072
-0.913574
3.3125
-0.714355
3.66992
-4.16406
3.99023
2.91211
1.15039
-0.85791
0.665039
-0.232544
1.27344
-6.28906
6.49219
0.0231018
-0.178101
-2.23047
-1.54395
-1.11426
-1.13672
3.16992
-3.01562
4.375
-3.82422
6.34766
-1.48633
-3.00391
4.0625
-5.89453
0.704102
1.1709
-7.13672
-8.67969
-6.82422
-7.40234
-1.37988
-4.24609
1.85352
-4
-6.52344
-8.30469
-3.67969
-2.69727
-1.65723
-1.78223
1.63477
-6.79688
1.06445
4.71875
-2.5293
-2.23242
-3.67773
-9.78125
-1.125
0.202515
3.61328
-9.60938
-6.05469
2.29297
3.04297
-4.23828
0.221436
3.20898
-5.4375
-11.3516
-10.0781
-9.72656
3.66797
-5
-3.87109
-0.30542
-2.7793
-3.07422
-5.14062
-2.14844
5.45703
-3.48828
-0.289795
-3.78711
-8.76562
-11.0859
-7.89844
-7.95703
-2.5
1.89551
-3.99609
2.22266
4.45703
-4.76562
0.172852
-0.231201
-3.55469
-6.80859
-0.983887
5.80859
7.91016
5.61719
5.20312
3.64648
-0.56543
-13
-12.0156
-1.83203
-0.76123
5.23438
2.67773
3.1543
2.58789
-10.9766
-13.9453
-0.208618
9.67969
18.6406
11.6797
7.92188
-8.28125
-11.3281
-13.9141
-6.00391
10.4922
6.63672
7.80859
-2.27344
-11.2969
-7.94922
-17.2031
-11.6328
-7.91797
-4.74609
-0.450439
-10.6328
-14.4219
-14.6406
-4.11328
1.78711
-3.26172
-2.87305
-1.89062
-3.58594
-1.96777
-7.31641
-5.25781
0.79834
4.60547
3.63867
0.240845
5.04297
0.412354
-7.86328
8.54688
2.25
3.01953
-3.40625
1.24609
2.93359
-7.34375
8.89844
-0.220459
-3.96484
-1.8291
0.753906
2.86328
-0.35376
-0.815918
8.49219
2.9375
-4.72656
-8.66406
-3.63672
-6.60547
-10.3203
-6.57812
-0.599121
0.250977
-0.814941
-7.57422
-6.84375
-9.51562
-16.75
-8.89844
0.18396
5.13672
-3.12305
-15.1484
-7.80469
-5.47266
-21.9219
-14.2188
1.1875
7.73438
7.25781
5.05469
3.5332
10.1719
8.3125
7.00781
4.50781
5.01172
-0.0405579
1.61133
6.04688
6.88281
3.75391
-2.57422
6.15625
10.8047
4.97266
6.79297
8.875
3.42969
6.75781
2.07812
10.0703
-9.58594
-1.2627
-1.72168
1.98438
3.94336
0.298828
1.99219
0.604492
1.50781
9.35938
7.60938
7.16797
8.125
1.63672
-1.00391
-7.80078
2.99219
9.75
5.09766
1.01855
8.78125
8.34375
3.3125
-1.53223
-0.633789
3.91992
-18.2188
-21.0938
-6.90234
-1.7832
9.82812
-1.80859
10.1875
-7.61328
-1.72266
-6.35156
-3.61914
-2.86523
3.30664
11.6406
8.39062
5.60156
7.28516
2.20117
4.60547
5.72656
3.33984
0.238159
-1.50098
10.3281
11.4297
7.375
8.48438
14.5469
18.2656
0.632324
-5.17578
-0.758789
2.75586
0.857422
0.219971
-2.69531
-1.60449
-3.73633
5.91406
-6.47656
-8.53906
-9.80469
-9.875
-7.12891
-9.67969
-1.66309
1.71289
5.12891
1.63477
-5.93359
-7.07422
-0.244263
3.56055
3.57227
4.94531
20.1875
13.4766
3.06836
1.14355
10.0625
12.7422
4.24219
-4.27734
4.02344
-6.05469
27.1562
-6.23438
-8.76562
21.4844
9.64844
-0.765137
0.0579834
-12.3594
0.504395
-13.7969
-22.2812
8.99219
8.20312
3.94922
13.1797
5.33203
-0.358154
-0.519043
0.702148
10.8125
2.79688
1.57227
-7.62891
-10.6562
-10.4844
-7.77344
-13.3281
-17
-3.18164
7.69922
-1.80273
-3.83594
-2.51953
-6.29297
-1.62305
-8.17188
7.02344
-0.697266
-9.19531
-9.14062
2.41211
-5.44531
-3.67383
-0.798828
9.64844
13.7656
2.50977
-2.00781
2.08008
-2.00195
-0.971191
6.41406
11.6406
20.2969
16.5156
1.90039
-2.57617
-1.19531
-0.529297
15.3281
20.9062
0.709961
7.78125
-3.20703
-11.0547
-6.23438
-3.16992
12.5547
3.91016
2.6875
15.3047
-5.60547
-10
-17.2969
0.00496292
14.0859
2.28516
9.94531
12.75
-0.661133
-5.86328
-4.3125
3.71875
19.2812
10.5625
9.70312
6.65234
1.88574
5.76953
5.97656
4.11328
12.375
8.57812
-3.08984
-2.26758
0.145142
-0.776367
-3.83594
-4.04688
1.61035
7.04297
