-3.17969
-3.63281
4.37109
4.67969
-1.40625
7.33594
-5.89453
-7.24609
9.08594
4.80859
-0.13147
-1.70801
-5.82422
2.05469
-7.08203
-1.59766
1.73145
-0.313232
15.7422
22.7969
-1.42773
-13.4141
-2.90039
-3
-5.88281
-13.6562
-14.6094
-12.3828
-1.48242
4.13672
-6.77734
-7.41406
5.67188
-0.460449
-1.65332
-8.6875
5.32031
15.2344
25.2031
3.20312
-4.98438
5.55078
-14.1406
-15.7891
-6.25781
-9.22656
-3.64844
3.1582
6.16797
2.85547
2.86328
-21.7188
12.5625
-13.125
10.5703
-16.2656
-5.60938
-4.09375
-13.2344
-1.0791
-2.42969
5.52734
16.0938
10.5625
8.09375
-2.09766
-15.3281
-8.92969
-1.28418
-0.646973
-4.85156
-14.5469
15.7578
3.43164
-9.14062
-8.73438
1.37598
9.4375
-16.8906
6.30859
-21.5625
11.9375
-6.33203
2.95117
4.95703
-21.7031
-2.01758
14.9297
3.5957
-5.83203
-2.68359
-6.76953
1.60254
11.5156
2.08789
2.33398
1.9043
3.35156
5.16016
3.5332
-5.16406
-1.62891
-13.8828
-2.48242
2.39258
6.02344
4.60547
-3.15234
-5.35547
-3.44922
-4.21094
1.79297
13.0938
-4.07812
4.01953
5.13672
-4.78125
-0.972168
-3.42969
-12.3828
3.58203
-14.0312
-5.49609
-3.21094
2.98438
2.8125
0.999023
-3.1582
5.66797
8.46875
4.03516
-3.46094
2.27539
-1.20898
9.01562
1.67188
1.19238
-0.240845
6.20703
7.9375
-4.63281
-0.991211
-4.66797
-1.6084
-7.45312
1.76562
0.468506
-7.39844
8.65625
5.33203
13.9062
-8.91406
-3.73242
-1.87402
-8.33594
2.58984
2.57422
2.45703
9.80469
4.24609
-3.22266
6.56641
-5.52344
-13.1875
4.04297
5.08594
-2.77539
-0.561523
7.19531
-2.31445
-9.375
2.50586
-4.05859
6.5
-6.34766
2.19922
-11.3047
-1.34375
-4.70312
-3.5957
-1.80762
-3.44922
3.76758
2.86133
-3.98633
-8.28125
7.92188
0.877441
1.70215
7.48047
-9.07031
-5.38281
-0.299072
1.73926
-0.174438
-0.625977
-2.43945
-1.84082
-13.0703
-3.08594
0.734863
5.25
3.89844
-0.366455
-0.258545
1.38867
-2.03906
3.0293
12.2734
-5.17578
-0.355957
-2.93359
-0.0744629
-2.50586
2.58594
-12.375
6.48828
-6.9375
-2.83398
-5.50391
4.27344
0.519531
-1.88867
-5.05078
4.25
4.24609
5.29688
-4.39453
2.34961
-5.05078
6.57422
-2.1875
3.00977
0.561523
6.84375
7.32031
-3.76953
-1.97852
-2.57617
1.2793
-6.53906
0.408691
4.13281
-2.45312
3.26172
6.44531
13.2344
-6.59375
-6.26172
-0.589844
-9.38281
8.72656
2.98047
2.95703
7.55859
2.45508
-0.606445
9.16406
-4.33984
-6.74609
4.87891
3.42773
-1.80859
-0.779297
1.28418
-2.19336
-9.1875
2.81641
-6.09375
4.19141
-4.18359
3.2168
-7.49609
-3.48438
-3.22461
-2.54492
1.22168
-1.88086
3.54102
2.54297
-4.39062
-4.95703
2.54688
0.0594788
2.3457
0.299805
-7.99219
-8.50781
0.625977
1.91992
-0.196045
-1.22559
-3.37695
-2.64258
-13.7031
-3.08789
1.47168
5.58594
2.3457
-0.236938
-0.912109
2.07031
0.380615
2.24414
11.6797
-5.05078
-1.5127
-5.41016
-0.501465
-3.81445
2.08789
-13.2266
4.37109
-5.75391
-2.73438
-6.15234
5.78125
-0.67041
-2.81641
-5.34375
3.70117
3.87109
5.42969
-6.21875
2.57812
-5.16797
3.77344
-1.5957
4.39062
-0.0235138
7.57812
8.59375
-3.19141
-1.9668
-2.50586
0.560547
-6.42969
-0.32251
4.33984
-3.43555
1.34863
6.37891
13.1016
-5.94141
-5.83203
-0.212524
-9.98438
8.46875
3.72656
4.52734
5.23438
1.72363
2.4707
8.51562
-5.04688
-6.13672
4.68359
3.09766
-1.79785
-1.84082
1.44922
-1.54688
-10.9766
4.28516
-5.47266
2.75586
-3.95703
2.09766
-6.97266
-4.39062
-2.17578
-2.55859
1.52832
-1.09766
2.89844
0.768066
-5.08594
-5.10547
3.24805
-0.58252
4.1875
1.33008
-8.60156
-8.375
0.181763
1.16797
-1.91211
-1.02832
-2.59766
-2.97461
-12.4766
-3.64844
0.739258
5.32812
0.976074
0.28418
-0.507812
3.35547
1.01465
0.669922
10.7188
-5.26172
-3.0625
-6.24219
0.423584
-6.05078
1.81836
-12.2109
4.01953
-4.64062
-1.96289
-6.23047
6.82031
-0.104004
-3.4082
-6.51953
4.36719
3.82227
5.29688
-6.88281
2.6875
-5.10156
2.75195
-1.0293
6.76953
0.800293
7.58203
8.01562
-3.81836
-2.59961
-2.48242
-0.147583
-5.02734
-1.19043
4.75781
-2.70117
1.87891
5.68359
14.7578
-5.85938
-6.71875
-1.85156
-10.0234
9.46875
4.32031
5.38672
3.19727
1.35352
3.2793
9.32812
-5.75391
-5.16406
4.40625
2.66992
0.0952148
-1.93457
1.23047
0.0467529
-11.7031
4.37109
-5.38281
1.42969
-3.70703
1.97949
-6.76562
-4.71875
-1.19531
-3.55859
1.30762
-1.59375
1.67383
0.708496
-6.94922
-4.08984
2.08203
0.168457
5.24609
1.0293
-7.97656
-8.96094
0.116028
-0.186768
-3.60352
-1.46289
-2.10938
-2.28125
-11.8516
-2.98242
1.01172
4.62109
1.73242
0.486084
0.040802
4.48828
1.46777
0.49707
9.80469
-4.61328
-3.01758
-7.15625
1.20996
-7.32031
2.26367
-12.6328
3.06055
-3.99609
-1.1875
-6.41406
6.90234
0.0771484
-2.74609
-6.68359
4.83594
3.125
3.76758
-7.17969
2.68164
-5.07031
2.21289
-0.467773
7.77734
0.31665
8.30469
6.69922
-4.02344
-2.93164
-2.00781
-0.18103
-4.47656
-0.65918
5.13281
-1.91602
1.40625
5.66406
14.7188
-6.05859
-7.78906
-2.4707
-10.8281
10.3281
4.03906
6.53906
2.69141
1.25098
3.22266
9.46875
-6.08594
-4.23828
4.23047
1.95898
0.0596619
-2.74609
0.207031
0.391113
-12.3125
3.94727
-4.87891
1.64062
-3.64258
1.8291
-6.26953
-3.64062
0.354736
-4.14062
1.80371
-1.80566
1.19043
0.417725
-7.77344
-4.14453
1.92871
0.325195
5.81641
0.675781
-7.80859
-8.10156
-0.233032
-0.634766
-4.08984
-1.45312
-1.75684
-2.55469
-11.5781
-2.76172
0.82959
3.96875
1.91406
0.67334
0.511719
4.97266
1.33203
0.694336
9.36719
-4.45703
-2.84766
-7.50391
1.44336
-8.11719
2.11328
-12.625
2.43945
-3.42969
-0.959961
-6.24219
6.55078
0.250732
-2.16406
-6.72656
5.20312
2.95703
2.92969
-7.00391
2.70508
-5.25781
1.94141
-0.0483704
7.96875
0.262939
8.65625
6.75
-4.14844
-2.9707
-1.65234
-0.0444031
-4.01562
-0.512207
5.24219
-1.76953
1.40234
5.73047
14.7188
-6.08984
-7.94141
-2.79492
-11.1016
10.1406
3.5
6.87891
2.14258
0.97998
2.83594
9.49219
-6.11328
-3.875
3.86719
1.84961
0.345215
-3.20898
-0.266846
0.757324
-12.4375
3.95508
-4.85156
1.47461
-3.4082
1.9502
-6.02734
-3.24414
1.06152
-4.625
1.98633
-2.01172
0.739258
0.00656891
-8.71094
-4.13281
2.26172
0.360596
5.59375
0.20874
-7.5
-7.70703
-0.269287
-0.976074
-4.49219
-1.67676
-1.50391
-2.51953
-11.4297
-2.55859
0.973633
3.61719
2.17773
0.902832
0.814453
5.36328
1.03223
0.816406
9.07812
-4.30469
-2.7832
-7.44531
1.62207
-8.48438
2.09375
-12.6719
2.21484
-3.1875
-0.790527
-6.19531
6.5
0.462646
-1.80273
-6.69141
5.48047
2.74414
2.18164
-6.98047
2.74805
-5.23047
1.85254
-0.0684814
7.83594
0.232178
8.84375
6.51562
-4.17969
-3.06055
-1.49023
0.21875
-3.82227
-0.130981
5.44141
-1.65625
1.28809
5.73438
14.6797
-6.10938
-8.21875
-2.76367
-11.5391
10.0781
3.19727
7.21094
1.97266
0.99707
2.63672
9.57031
-6.24219
-3.61719
3.74219
1.7373
0.246582
-3.60742
-0.535645
0.976074
-12.6641
3.9668
-4.63281
1.49414
-3.21875
2.07227
-5.9375
-2.93164
1.51562
-4.67578
1.9707
-2.18164
0.654297
-0.215332
-8.82031
-4.23828
2.29688
0.366211
5.4375
-0.293457
-7.39062
-7.42188
-0.249512
-1.08398
-4.67188
-1.75
-1.45605
-2.56055
-11.3828
-2.51562
0.994141
3.4707
2.23438
0.958984
0.856934
5.46875
0.957031
0.880371
8.96094
-4.26172
-2.77344
-7.47266
1.68164
-8.64062
1.99219
-12.75
2.12305
-3.14062
-0.785645
-6.24219
6.49609
0.540039
-1.63672
-6.61719
5.57812
2.71094
1.91211
-6.97266
2.75391
-5.20703
1.86035
-0.0498352
7.82031
0.249023
8.9375
6.46875
-4.19141
-3.11914
-1.4248
0.227539
-3.77734
0.0598755
5.5
-1.63965
1.3125
5.72656
14.6719
-6.11328
-8.29688
-2.75977
-11.6875
10.0391
3.11914
7.29297
1.91211
1.06445
2.5293
9.625
-6.27734
-3.55859
3.70117
1.72852
0.211914
-3.71484
-0.601562
1.02832
-12.7422
3.98242
-4.58594
1.49414
-3.20117
2.07812
-5.97656
-2.68359
1.60742
-4.71484
2.0293
-2.27734
0.592285
-0.255371
-8.90625
-4.29297
2.34375
0.358887
5.44922
-0.45166
-7.34766
-7.32031
-0.24585
-1.11816
-4.74219
-1.72852
-1.48047
-2.59961
-11.3906
-2.53711
0.976074
3.40625
2.24805
0.967773
0.867188
5.47266
0.944824
0.887207
8.94531
-4.30078
-2.74805
-7.53906
1.76074
-8.66406
1.95605
-12.7578
2.05273
-3.1582
-0.769531
-6.26172
6.48438
0.558105
-1.54883
-6.61719
5.60156
2.71289
1.83398
-6.94141
2.74805
-5.21484
1.91797
0.00519943
7.80078
0.24292
8.96094
6.48828
-4.19141
-3.09961
-1.40137
0.166016
-3.80078
0.125
5.51172
-1.59668
1.35156
5.72266
14.6641
-6.05859
-8.29688
-2.83008
-11.7109
10.0859
3.08984
7.28516
1.91211
1.1084
2.50195
9.60938
-6.29688
-3.55273
3.69141
1.72266
0.225342
-3.70898
-0.597656
1.00098
-12.75
3.9668
-4.61719
1.45605
-3.18164
2.05859
-5.98438
-2.61523
1.61719
-4.72266
2.09766
-2.30078
0.554688
-0.236816
-8.94531
-4.29688
2.31445
0.35376
5.46484
-0.563477
-7.33203
-7.3125
-0.286621
-1.09766
-4.74609
-1.58984
-1.58496
-2.70508
-11.4766
-2.59766
0.885254
3.37305
2.19141
0.925293
0.820312
5.32812
1.05176
0.80127
9.02344
-4.39844
-2.71484
-7.71875
1.78516
-8.60938
1.93359
-12.6797
1.91895
-3.19727
-0.772461
-6.29297
6.42188
0.572754
-1.4082
-6.66797
5.61719
2.75586
1.89453
-6.875
2.7207
-5.23438
2.01172
0.0640869
7.75391
0.230957
8.94531
6.56641
-4.20312
-3.01758
-1.37598
0.0312805
-3.89648
0.133667
5.47266
-1.54688
1.46875
5.6875
14.6953
-5.97656
-8.25
-2.98047
-11.5469
10.1562
3.05664
7.16797
1.91016
1.15039
2.53125
9.53906
-6.29688
-3.62305
3.66602
1.69336
0.280762
-3.61719
-0.546875
0.886719
-12.6562
3.9082
-4.73438
1.30859
-3.18164
2.03711
-6.00781
-2.60352
1.48828
-4.71484
2.18945
-2.29102
0.568848
-0.163818
-9.01562
-4.28516
2.33203
0.355469
5.45312
-0.577637
-7.29688
-7.42188
-0.421631
-1.00586
-4.80078
-1.28809
-1.80566
-2.99219
-11.5703
-2.84766
0.65625
3.40625
2.10156
0.719238
0.525391
4.90234
1.37109
0.599121
9.10156
-4.66797
-2.7168
-8.36719
1.69824
-8.46094
1.7832
-12.5703
1.62402
-3.26172
-0.876953
-6.15234
6.34766
0.665527
-1.32031
-6.73438
5.66797
2.86914
2.11523
-6.70312
2.58594
-5.33203
2.19922
0.156982
7.72266
0.210571
8.85156
6.73828
-4.18359
-2.81055
-1.37988
-0.495361
-4.07031
0.0355835
5.35156
-1.49902
1.83691
5.64844
14.7812
-5.80469
-8.05469
-3.22852
-11.2578
10.3047
2.97656
6.89844
1.80273
1.10254
2.41797
9.41406
-6.21875
-3.6875
3.61523
1.70312
0.378906
-3.25391
-0.4021
0.588379
-12.4141
3.86523
-5.13672
1.04883
-3.30078
1.75586
-6.12109
-2.59375
1.24219
-4.76562
2.39062
-2.24219
0.471924
-0.00670242
-9.07812
-4.26953
2.43359
0.342285
5.61328
-0.318115
-7.23828
-7.57031
-0.65918
-0.763184
-4.35938
-1.38379
-1.86816
-3.42188
-11.7266
-3.33008
0.61084
3.62305
2.35938
0.959961
0.413086
4.53516
0.830566
0.530273
9.32031
-5.08203
-2.83594
-8.29688
1.5459
-7.98828
1.71191
-12.375
1.63965
-3.58984
-0.993652
-6.06641
6.16016
0.787598
-1.26562
-6.6875
5.54297
2.94141
2.1582
-6.39844
2.50977
-5.14062
2.32031
-0.192749
7.38672
0.232056
8.45312
6.95703
-4.14844
-2.64258
-1.7041
-0.754883
-4.1875
0.29126
5.27734
-1.22363
2.4375
5.55859
15.1797
-5.66406
-7.95703
-3.17969
-11.1172
10.4453
2.79492
6.78125
2.05859
1.29883
2.15039
9.3125
-6.41016
-4.0625
3.61914
1.70898
0.391113
-3.08789
-0.320068
0.34082
-12.1562
3.67578
-5.37891
1.09473
-3.27344
1.75
-6.36328
-2.84961
0.948242
-4.51562
2.21484
-2.125
0.470947
0.253418
-8.71094
-4.27734
2.38086
0.346191
5.375
-0.151367
-7.28125
-8.07031
-0.652344
0.100403
-3.23633
-1.09277
-0.868164
-4.9375
-12.3828
-4.14453
0.596191
3.52344
2.65234
1.14062
0.415527
4.08594
1.06348
1.25
10.0312
-5.89062
-3.04297
-8.01562
0.621582
-7.15625
0.538086
-11.4531
1.36133
-4.25
-1.0498
-5.27734
5.49609
0.857422
-1.06738
-6.39844
5.30469
3.4707
2.48828
-5.51953
2.11719
-4.70703
1.53027
-0.782715
6.45312
0.081604
8.0625
8.53125
-4.15625
-2.55078
-2.69531
-1.21094
-4.49219
0.553711
4.47656
-0.865234
4.26172
5.82031
16.6562
-5.86719
-7.625
-2.15039
-10.6953
9.67188
2.83594
6.46094
2.03711
0.739258
2.11133
9.5625
-6.35156
-4.91797
3.08008
2.11133
-0.0170441
-2.23242
0.167969
0.8125
-11.8203
3.89648
-6.17188
0.126831
-3.45898
1.94922
-7.28125
-3.58984
0.679199
-4.01562
2.10547
-1.78516
0.0639648
-0.086792
-8.35938
-4.20703
3.4375
0.417725
4.72266
0.592773
-7.13281
-9.00781
-0.0779419
0.147705
-2.0625
-2.60352
1.00879
-3.66211
-13.25
-4.04297
1.26172
3.22461
4.4375
2.3457
2.30469
5.12109
0.760254
2.23047
10.7734
-6.37109
-0.736816
-8.17188
2.48242
-6.46484
1.85059
-11.3672
0.726074
-4.13672
-0.455322
-3.87695
4.95312
1.96973
1.53516
-4.78125
5.20703
3.45703
1.42871
-2.43555
1.22168
-5.08984
2.50586
-2.14648
6.08594
-1.00781
7.44531
9.55469
-3.48438
-2.80859
-2.44531
0.0325012
-7.28125
3.22656
4.01172
-0.816895
4.84375
7.46094
16.6875
-6.52734
-6.91016
0.160156
-9.69531
9.35938
1.2793
7.42969
2.59766
-0.374512
3.32422
8.85156
-6.47656
-5.40234
2.03516
1.90332
-1.20996
-3.7793
-1.00586
1.52539
-13.1016
2.83398
-6.53906
-1.66699
-2.19727
2.43359
-6.26172
-3.10352
1.10352
-1.36914
0.961426
-1.31055
-0.297119
-2.22852
-6.47266
-3.92578
3.24219
0.611816
2.25586
0.65625
-7.35547
-7.35156
-0.496338
-0.0686035
-0.722168
1.00488
1.30762
-4.02344
-13.3047
-4.03125
1.33887
2.49219
5.45312
2.61328
2.69531
5.14844
-1.37793
3.875
11.6094
-6.55078
0.693848
-2.77344
2.34766
-5.84375
0.750977
-8.3125
1.70605
-5.81641
-1.66699
-2.98828
4.99609
1.4502
2.14258
-5.30078
3.9707
3.52148
-0.0442505
-0.632812
1.17578
-4.49219
2.39648
-1.92383
6.44922
-0.0866699
6.83984
9.86719
-4.31641
-3.73242
-3.3457
-0.355225
-8.82812
2.97656
3.67578
0.301025
6.52344
7.28906
17.0938
-8.03906
-7.25
-0.969238
-10.4375
9.86719
1.62207
7.05078
3.67188
1.91113
1.06836
9.42969
-6.61328
-6.875
2.9668
3.17773
-2.46875
-3.39062
-2.3418
0.656738
-11.1797
2.58789
-5.91016
-1.16602
-2.45117
4.76953
-7.5
-3.57031
-0.50293
-1.6123
0.856934
-1.69238
-1.61328
-1.11035
-5.14844
-4.32031
4.51172
0.929199
1.0293
-0.0886841
-5.48438
-7.08594
0.26416
-1.83203
6.21094
5.35547
5.64453
2.89258
-11.4062
-4.11719
3.76172
1.41797
10.0625
1.65527
2.91602
4.54297
-1.21875
5.20312
17.8281
-1.55957
10.5469
5.83203
1.28809
-2.35547
0.4729
-4.87891
1.47949
-7.81641
-4.50391
4.53906
6.80859
5.64453
6.96875
-0.144897
4.33594
4.60547
-3.62695
3.5625
-0.769531
0.109802
8.17969
-2.90039
6.52344
0.331055
6.13672
13.4062
-2.69922
-7.51172
-6.31641
-2.92969
-14.4062
6.29688
2.86133
-4.57031
14.0234
10.4688
21.4844
-11.1641
-3.30664
-1.36914
-7.91406
6.54688
5.11328
9.26562
9.15625
-2.25195
4.44141
8.26562
-6.85156
-7.58594
0.878418
2.62305
-4.80469
-9.13281
-0.991211
5.98047
-15.8984
-6.73438
0.716797
-2.29688
-1.90723
7.93359
-12.0312
-3.41992
0.638672
1.20312
-1.43945
-5.51172
-3.76562
-7.83594
-5.40234
-4.84375
13.4297
-4.53906
-6.25781
6.07031
-8.5
-0.0966797
-11.1094
-8.07812
-1.02539
4.73047
6.0625
31.625
4.14453
-4.34375
7.75
18.7812
9.73438
-8.14062
4.44531
6.92188
-3.47266
2.36719
8.52344
15.0234
30.8438
29
7.05078
-22.6094
3.0918
-7.81641
-5.86719
-7.82031
-12.9297
-11.0781
3.38867
4.90625
-9.51562
0.804199
1.3418
4.24609
-11.5703
1.67383
2.68555
18.9844
33.625
9.86719
2.45703
11.3984
-13.8203
-12.2656
-2.95703
-22.2812
-7.53125
0.842285
-6.11328
-0.387695
1.95898
-19.7188
13.5469
-7.48438
4.42578
-15.25
7.13281
-2.5332
-17.25
8.85938
8.01562
12.0469
18.5781
1.45801
15.2812
-3.99609
-16.1875
-12.0938
11.5938
-0.962891
-8.47656
-11.5156
8.46875
6.35938
-13.5391
-18.4531
6.35547
18.0938
-8.4375
9.53906
-21.1875
17.375
4.00391
1.2207
13.2734
-28.5156
-10.0703
10.4375
10.3672
-4.01172
3.48633
-13.0938
-0.59668
5.23047
-4.30469
11.5
-1.1377
-0.87793
5.69922
5.48828
1.45117
-2.01758
-1.71582
0.182373
-1.04785
-3.29883
1.03125
8.78125
3.91992
3.65625
-12.375
1.66113
-1.64844
-1.0127
5.76953
3.25586
-3.31641
0.970703
1.86328
-0.723145
5.17969
1.80664
4.02734
-7.07422
2.86133
0.377197
1.13184
-2.99609
6.00781
-2.66992
-1.00293
-3.05859
8.11719
-0.547852
6.64062
2.42969
-0.390625
6.07812
-1.26367
3.44141
-9.33594
4.16406
-0.918945
5.01172
9.02344
-0.22583
5.91797
-4.45703
3.66211
-7.70312
-2.87695
-4.23828
-3.09766
-6.91406
-0.924316
-0.650879
-5.57812
1.66504
0.0813599
-2.12891
3.10547
-1.53418
-4.56641
2.07227
-1.61426
3.17773
2.74805
-5.09766
1.7334
-0.778809
-7.1875
1.70996
0.0454712
-1.78223
-2.37695
1.25781
-8.54688
-3.19727
8.78906
4.51562
5.80859
-3.75586
0.586914
-2.04883
2.12109
-0.761719
-3.46289
-1.97656
-3.58398
-4.97656
-1.57715
-0.53125
-1.00781
-0.160767
4.30469
0.261719
-3.32617
-4.87891
-4.32031
-0.229248
-1.79688
2.20703
3.92188
6.35156
3.41602
-3.14258
-5.68359
-1.0459
-1
-3.73828
4.62109
-4.56641
-6.23438
3.33789
-2.35352
-9.53906
4.61719
-3.72461
4.40625
-0.327637
3.71289
0.581055
3.43555
0.164062
3.26562
1.47656
3.67773
1.85254
4.39062
-8.53906
0.50293
-1.50879
1.55273
-2.27148
3.10938
6.77734
-5.71484
12.6797
1.98145
3.41797
3.44531
-0.312256
2.47852
3.96875
5.40625
-4.82031
-1.84473
-1.8418
0.583008
-7.15625
0.860352
2.92773
-0.471191
-1.64062
1.35742
-2.18359
0.155151
-5.02734
-3.12891
-7.25391
2.37891
1.79004
0.0668945
-4.54688
-1.00977
-5.03516
-3.31055
4.42188
-1.29785
4.85156
-3.85742
-2.82422
-2.67383
-4.02734
4.86719
0.357666
1.51953
6.40234
-1.46484
0.555664
-1.60449
-1.06836
-0.547363
2.90625
-2.52539
-4.72266
-2.48047
-0.899902
-1.69434
-1.00977
-0.411621
-1.68359
-2.08203
-0.667969
-4.55859
0.575195
-1.45898
3.4043
4.65625
8.27344
2.36914
-3.59375
-1.9502
-0.938477
-0.309082
-3.24023
4.30859
-6.03906
-4.70703
1.94043
0.216553
-7.19531
2.45117
0.103394
3.28125
2.19531
3.00195
-0.436523
4.28125
-0.215088
-1.39258
-2.25195
2.76367
3.02539
2.78125
-9.44531
1.9668
-3.69141
3.70117
-0.890137
3.65039
5.89062
-5.59375
9.17969
1.87402
3.41211
1.44922
-1.79883
1.90723
2.20703
4.375
-3.51172
-4.08203
-2.88281
-0.734863
-4.08203
-1.08887
5.06641
-1.44727
-0.620605
-0.307373
-2.27148
2.65234
-3.26367
-1.45312
-2.21484
2.99023
1.93555
-4.33203
-2.55078
-3.58203
-3.27539
-5.38281
3.89648
-1.58105
2.42383
-2.17578
-1.04395
-1.05957
-4.63281
5.73047
1.54492
-0.885254
6.47656
-1.24316
2.51562
-1.2793
-1.52539
-0.810059
4.19141
-1.45801
-1.51758
0.470215
0.754883
-0.697266
-0.5625
-1.91113
-1.8584
-2.9043
-2.57227
-4.89453
-0.560059
-1.09082
3.36133
3.34961
8.29688
2.21289
-5.52734
0.65625
-1.56445
-0.13208
-3.45508
1.66602
-5.92578
-5.36719
1.66895
-0.205811
-6.96094
1.89746
0.115845
3.62695
2.23633
3.30078
-0.868652
5.12109
0.397217
-1.46777
-1.16113
4.38672
3.41016
2.95117
-9.99219
0.778809
-3.76172
5.05469
-1.31445
3.46094
6.33203
-5.73047
8.07031
2.35547
1.31055
1.14648
-2.03906
1.50977
1.94727
4.70312
-3.26953
-3.06641
-3.04297
-0.371582
-3.23828
-0.611328
5.69141
-1.24219
-0.472168
-1.69336
-3.08789
4.21875
-3.07031
-1.04492
-2.18164
3.16211
1.9873
-3.91992
-1.9873
-4.01953
-3.69727
-7.64453
5.09766
-1.20801
1.78516
-2.61133
-0.256348
-0.344482
-5.48828
5.30469
0.847656
-0.424316
8.15625
-0.762695
1.60352
-2.19727
-0.782715
-0.202759
5.19922
0.602539
-0.631836
1.9209
-0.299072
-1.72168
-1.63281
-3.29297
-1.48828
-2.52344
-2.34766
-4.06641
-0.807129
-1.71582
2.29688
2.96289
7.6875
1.48633
-4.68359
0.973145
-2.25195
-0.617188
-3.79688
0.427002
-6.83984
-5.41797
0.585449
0.140503
-6.91406
2.11914
1.01562
4.12891
3.87109
3.24219
-0.176514
3.75195
-1.30371
-1.58105
-1.81445
4.36328
2.3125
3.20508
-10.9141
-0.215698
-2.10352
6.15625
-0.468506
3.61523
5.44922
-5.96094
7.68359
2.93359
0.254395
1.7666
-4.35938
2.4375
2.51953
3.86719
-3.43555
-2.63867
-2.19727
-1.07715
-3.51367
-1.34277
6.99219
-0.950684
-0.0755615
-3.33398
-3.55469
5.96875
-2.49219
-1.09863
-0.98291
2.62109
1.28809
-2.63672
-2.9043
-5.02734
-3.43555
-8.08594
4.51953
-0.229126
2.625
-1.96094
-0.200562
0.33252
-7.19141
7.16797
-0.376465
-0.434326
7.98047
0.116577
2.0293
-3.02539
-0.337402
0.0400696
4.16797
1.4668
-1.74219
3.25781
-2.34375
-2.14258
-2.49609
-4.51172
-1.39453
-2.80469
-1.9873
-3.46875
-0.523926
-1.68262
1.7832
3.32617
7.34375
1.62109
-4.0625
1.74121
-2.45703
-0.94043
-3.33203
0.69043
-7.69531
-6.00391
-0.0912476
-0.0266876
-7.56641
1.43359
1.31738
4.20703
4.36719
3.35938
-0.524902
3.07617
-1.72168
-1.72949
-2.12109
3.81445
1.0459
3.23047
-11.1328
-0.952148
-0.989746
6.85938
-0.059967
4.375
4.5625
-5.98047
7.30078
3.08398
0.0157928
1.94238
-4.64453
2.72461
2.76953
3.41797
-3.28125
-2.66992
-2.58594
-1.66895
-3.35156
-2.25195
7.54297
-0.942383
0.411133
-3.9707
-3.76758
6.42969
-2.09961
-1.32422
-0.395752
2.52734
1.125
-2.32812
-3.03906
-6.14062
-2.97852
-8.82812
4.42969
0.258057
3.06641
-1.9541
-0.614746
0.313721
-7.28125
8.61719
-1.36816
0.221558
8.14844
0.671387
1.33789
-3.73242
-0.546875
0.437256
3.60938
2.36523
-2.03906
3.55469
-2.57031
-2.41602
-2.77344
-4.92188
-1.32129
-2.71484
-1.81836
-3.18164
-0.564941
-2.08398
1.50781
3.36328
7.05859
1.94531
-3.85156
1.94727
-2.53516
-1.0332
-3.20312
0.850098
-7.74219
-6.30078
-0.602051
0.118774
-7.875
1.22949
1.62207
4.13281
4.55078
3.23828
-0.563965
2.96875
-2.16211
-1.7832
-2.32617
3.39844
0.271973
3.22852
-11.5078
-1.0332
-0.146484
7.25391
0.208984
4.59766
4.22656
-6.03906
7.12109
3.05273
0.189331
1.88184
-5.03516
2.85938
2.88281
3.18359
-3.07617
-2.49609
-2.9375
-1.82227
-3.23828
-2.42773
7.69141
-1.06836
0.447266
-4.5
-4.05859
6.44922
-1.84766
-1.17773
-0.00572205
2.31445
1.18066
-1.85449
-3.15234
-6.47266
-2.75195
-8.86719
4.33984
0.516113
3.16016
-1.83398
-0.913086
0.280273
-7.29297
9.21875
-2.11914
0.418701
8.04688
0.959473
0.87207
-4.52344
-0.690918
0.752441
3.41016
2.38477
-2.33203
3.86328
-2.79883
-2.57422
-2.94727
-5.26562
-1.26758
-2.62891
-1.39062
-2.89062
-0.467285
-2
1.20898
3.60156
6.88281
1.99512
-3.52148
1.83789
-2.63672
-1.10352
-2.99609
1.02148
-7.73828
-6.55469
-0.830078
0.27832
-7.94531
1.17285
1.71973
4.05469
4.64062
3.23633
-0.569336
2.95312
-2.38281
-1.77148
-2.49805
2.89648
-0.287109
3.26953
-11.7031
-0.970215
0.0797729
7.27734
0.337402
4.76562
3.93945
-6.06641
6.98047
3.05078
0.468018
1.81641
-5.02344
3.05664
2.96875
2.98242
-2.98242
-2.47266
-3.08203
-1.98438
-3.12891
-2.80078
7.76172
-1.02051
0.557129
-4.59375
-4.05859
6.51953
-1.63281
-1.15332
0.256348
2.30859
1.25195
-1.80566
-3.07617
-6.69531
-2.62305
-8.97656
4.29297
0.748047
3.19141
-1.78516
-1.24121
0.186279
-7.23438
9.65625
-2.42383
0.419922
7.92188
1.24805
0.664551
-4.74609
-0.938965
0.944824
3.27344
2.43945
-2.46289
3.93164
-2.70312
-2.61523
-3.00195
-5.38672
-1.2207
-2.58594
-1.33301
-2.81641
-0.464355
-2.02344
1.12793
3.5957
6.83594
1.98145
-3.38672
1.7793
-2.64062
-1.14453
-2.94727
1.12012
-7.72656
-6.59766
-0.947266
0.297363
-8.01562
1.16992
1.75586
4.01172
4.61328
3.20117
-0.599609
2.93555
-2.40234
-1.76758
-2.52148
2.69922
-0.494873
3.25977
-11.8047
-0.881348
0.199707
7.26953
0.384521
4.84375
3.83789
-6.05469
6.93359
3.05469
0.527832
1.80859
-5.04688
3.11523
2.98438
2.95508
-2.94727
-2.49023
-3.12109
-2.02734
-3.06836
-2.93945
7.78516
-1.0127
0.566895
-4.66016
-4.06641
6.48828
-1.55469
-1.16992
0.325195
2.29297
1.26758
-1.74707
-3.04883
-6.75391
-2.54102
-9.03906
4.28516
0.823242
3.19531
-1.80664
-1.39258
0.134766
-7.19531
9.78125
-2.52539
0.415283
7.85938
1.29492
0.586426
-4.85156
-0.995117
0.995605
3.20312
2.41602
-2.48438
3.95312
-2.66992
-2.62695
-3.02148
-5.42188
-1.13477
-2.63086
-1.33887
-2.82422
-0.505371
-2.00781
1.10645
3.53906
6.82031
1.98535
-3.45703
1.7959
-2.68555
-1.14355
-2.99023
1.13672
-7.84375
-6.54688
-0.935059
0.302246
-8.00781
1.1084
1.74902
4.00391
4.62109
3.20312
-0.600586
2.93359
-2.43164
-1.76562
-2.52344
2.64258
-0.536621
3.26953
-11.8672
-0.811523
0.232544
7.28906
0.38501
4.84766
3.83398
-6.07422
6.93359
3.05078
0.476074
1.80859
-5.05859
3.10938
3.06641
2.96094
-2.95703
-2.44727
-3.04492
-2.01562
-3.09766
-2.93164
7.83984
-1.00391
0.539551
-4.68359
-4.06641
6.55078
-1.57227
-1.21387
0.323242
2.2832
1.25684
-1.72363
-3.00977
-6.69531
-2.55078
-9.05469
4.25781
0.774902
3.11719
-1.78906
-1.41113
0.18042
-7.23438
9.73438
-2.49805
0.410156
7.85938
1.31152
0.621094
-4.90234
-0.992676
0.94873
3.21484
2.43164
-2.49414
3.94727
-2.69922
-2.625
-3.01758
-5.44141
-1.05176
-2.73828
-1.44824
-2.91602
-0.572754
-1.99707
1.15137
3.42969
6.84766
1.92773
-3.72656
1.92773
-2.82422
-1.09082
-3.14062
1.12891
-8.10156
-6.48438
-0.813965
0.279297
-7.94922
0.983887
1.70117
4.00781
4.66797
3.14258
-0.553223
2.96289
-2.39062
-1.75586
-2.48047
2.74414
-0.367676
3.23438
-11.8906
-0.663086
0.147339
7.23438
0.330322
4.76953
3.82031
-6.08203
7.03906
3.07227
0.299072
1.85059
-5.07031
3.00977
3.09766
3.01367
-2.97656
-2.43164
-2.89844
-1.92871
-3.23633
-2.70898
7.87891
-0.975586
0.451904
-4.69922
-4.08203
6.67578
-1.72266
-1.29688
0.247314
2.26758
1.16992
-1.70801
-2.9043
-6.48828
-2.62305
-9
4.18359
0.618164
2.92383
-1.77734
-1.32129
0.234619
-7.22266
9.50781
-2.32422
0.367188
7.88672
1.25977
0.791504
-4.87891
-0.931641
0.864746
3.33008
2.41211
-2.37891
4.00391
-2.79492
-2.65625
-3.06836
-5.39062
-0.829102
-2.91602
-1.55273
-3.04688
-0.712891
-1.94141
1.26367
3.2832
7.02344
1.76758
-4.13281
2.09375
-2.85742
-0.96582
-3.4375
1.05762
-8.44531
-6.40234
-0.486084
0.42041
-7.86328
0.726074
1.58496
4.01953
4.81641
3.02734
-0.508789
2.91406
-2.23438
-1.59082
-2.4082
2.97656
0.15271
3.13867
-11.9375
-0.348877
-0.226807
7.08594
0.144409
4.48828
3.85547
-5.99219
7.18359
3.01172
-0.154297
1.90332
-5.08594
2.85547
3.21289
3.08008
-3.05859
-2.48828
-2.73633
-1.70898
-3.36133
-2.33008
8.10156
-0.972168
0.427734
-4.64062
-4.22656
6.60156
-1.95996
-1.39941
0.107056
2.33594
0.933594
-1.81445
-2.78906
-6.17969
-2.84961
-8.89062
3.95703
0.321777
2.66406
-1.77148
-1.2832
0.33252
-7.29688
9.03125
-1.99902
0.355957
7.85938
0.954102
1.11621
-4.58984
-0.843262
0.705078
3.47852
2.32617
-2.09961
3.93555
-2.95898
-2.49805
-2.91992
-4.74609
-0.71875
-2.96094
-1.74121
-3.10547
-0.883301
-1.62891
1.25098
3.42578
7.25391
1.57227
-4.25
1.46973
-2.70508
-0.934082
-3.82031
0.766113
-8.52344
-6.39062
0.279053
0.335449
-7.21875
0.682617
1.2793
4.16016
5.05078
2.80273
-0.282471
2.79102
-1.88281
-1.26855
-2.22656
2.92773
0.748535
3.14648
-11.7031
-0.606934
-1.1543
6.6875
-0.246582
3.78516
4.14844
-6.01953
7.33594
2.83594
-0.41748
1.80078
-4.86328
2.85156
3.67188
3.29102
-3.13281
-2.21484
-2.45508
-1.4043
-3.45508
-2.23633
8.22656
-0.754395
0.379883
-4.37109
-3.98828
6.48047
-2.22852
-1.49805
-0.248657
2.38672
0.712891
-2.22852
-2.87109
-6.15625
-3.09766
-8.5625
3.76367
0.0592346
2.7832
-1.58887
-1.23633
0.471191
-7.75
8.47656
-1.22461
0.103394
7.8125
0.743164
1.63184
-4.03906
-0.943848
0.42334
3.28516
1.80762
-1.99902
3.5
-3.36719
-2.03125
-2.91406
-3.83203
-0.626465
-1.9541
-1.28906
-3.86719
-0.972656
-1.13867
1.67871
3.5625
7.41406
1.16016
-4.69922
1.29883
-2.2832
-0.190063
-4.39844
0.330811
-7.94141
-5.93359
1.47754
0.294434
-6.89453
0.43042
0.500977
4.52344
5.91797
2.45312
0.484131
3.52539
-1.05273
-0.942871
-2.16797
3.19531
3.01367
3.0293
-11.2344
-0.000784874
-3.23828
6.08984
-0.719238
3.14648
4.46875
-5.79688
7.4375
2.50586
-0.819824
1.4668
-4.04297
2.55859
4.10156
3.79492
-3.29492
-2.03516
-3.0293
-0.97168
-2.37109
-1.26465
8.15625
-0.739746
0.456787
-4.23438
-3.94727
5.55469
-2.46484
-1.41504
-1.10059
2.3125
0.252441
-2.78711
-3.0918
-5.62109
-3.54102
-8
3.01367
-0.199829
1.9502
-1.3877
-1.25
0.231934
-7.59766
7.49609
-0.0345764
-0.464844
7.92969
0.0394897
1.87012
-3.14258
-0.963867
0.773438
3.68945
1.01562
-1.09668
3.18164
-3.13867
-2.00391
-2.28711
-2.39648
-1.3252
-1.40527
0.382568
-5.21094
-0.879883
0.231323
2.20898
4.34375
8.11719
1.09277
-5.59766
1.56934
-2.08984
1.50781
-4.4375
2.17578
-7.48438
-5.71484
2.85547
-0.145142
-6.30469
-1.25586
0.449707
4.84375
5.57031
2.25586
0.73291
6.02344
1.14258
-0.59082
-2.30078
2.49609
5.19141
2.42773
-10.5391
1.11914
-5.60938
6.28125
-1.17676
2.79297
4.96484
-5.25781
7.0625
1.09863
0.0396118
-1.41406
-0.762207
1.59473
3.54492
4.04297
-1.70215
-1.57031
-4.48438
-0.0293579
0.126465
0.78418
6.88281
-1.12012
-0.199951
-3.30078
-4.3125
4.27734
-2.91602
-1.4834
-2.11133
1.88965
0.453369
-4.41797
-3.49609
-6.30078
-3.50781
-6.60547
1.85254
-0.49585
-0.154419
-0.481445
-1.67871
-0.212524
-6.17969
4.83594
1.55371
-1.65918
8.05469
-0.0767822
0.283203
-2.02148
-1.89844
1.10645
4.69141
-0.552734
1.12109
1.44629
-1.21094
-2.62891
-2.86914
-0.329346
1.14844
-0.0645142
-0.139526
-5.14062
1.36035
-0.312012
2.08789
5.0625
6.97656
2.14258
-4.41797
-1.38867
1.62598
1.19531
-3.99414
3.12695
-3.6543
-3.69727
2.39258
-2.61328
-4.58984
-2.5293
-0.530273
4.01953
4.73828
2.6875
0.598633
5.06641
1.36328
-2.22266
-2.65625
-0.80127
6.01172
2.95703
-9.9375
1.27051
-8.73438
6.25781
-1.93066
1.12598
5.62891
-4.8125
6.76562
0.661133
0.912109
-2.42578
-0.182495
2.40039
4.39453
4.80469
-2.27539
-1.39941
-5.23828
-1.10449
-1.90527
-0.268311
6.74219
-0.0838013
0.269287
-3.68945
-4.34766
1.9873
-2.83594
-1.40918
-3.70508
1.74121
-0.0633545
-5.25
-3.14648
-6.6875
-4.39844
-1.87402
1.5791
-0.360107
-0.802734
-0.154663
-2.18164
-1.17676
-6.12891
4.01562
0.576172
-3.49023
6.65234
-3.42773
0.400146
-1.72949
-2.75391
1.43066
5.40625
-4.41797
0.369629
1.99414
-0.253418
-5.08984
-4.96875
1.6084
3.13281
3.10547
8.00781
-5.14453
3.36719
1.18652
1.38574
5.16016
2.36133
-2.35352
-8.17188
-0.432373
0.395508
4.00391
-1.8457
5.13281
-1.19336
-5.35156
3.50586
-2.40039
-10.4609
-2.50781
-4.52344
4.46875
5.58203
3.7793
4.15625
10.2812
3.77344
1.52344
-2.13086
-1.05957
10.7188
3.92773
-8.32812
3.52539
-7.60938
7.38672
-2.00977
3.3125
9.04688
-3.2793
7.71094
0.548828
2.24219
-2.82031
5.30078
3.9082
1.27246
6.01562
-0.304688
-0.500977
-5.15234
1.82422
-4.38672
7.40234
2.05469
3.86719
-3.28906
-0.662109
-5.10547
-2.38281
-7.35547
-1.23438
-4.01172
-2.18359
-2.80469
-3.83203
-7.64844
-5.29297
-3.04102
-1.04102
-3.58203
-0.583008
0.411133
-1.5127
-3.04297
-4.33203
-2.30469
3.42969
6.44141
-3.79297
2.91992
-2.89648
-6.71484
-2.04492
-1.40332
6.48438
6.28906
-5.83984
4.39844
-1.33301
7.02734
0.983398
-11.1875
-1.22559
8.15625
0.8125
13.5
-2.41211
1.30664
3.21289
4.60156
2.23633
-1.82324
4.02344
-4.28516
1.10742
4.625
7.12109
3.25977
3.48047
5.45703
-0.320068
-13.6484
12.2109
-4.77734
-2.07812
1.04297
-10.3438
-5.73828
-0.115051
1.69043
1.5
-4.25781
1.54492
-3.89648
-12.6328
2.13867
10.7969
2.12305
4.06641
6.41797
-4.9375
1.64551
-0.153809
4.52734
-12.9688
-7.17188
-6.86719
-0.243896
-2.78516
-4.50781
-1.13965
-19.5
-0.0930176
-8.32031
-5.23438
-5.07422
-2.27734
-7.71484
-9.19531
-0.341064
1.84863
-5.48828
0.743652
3.90039
-3.21484
3.52539
5.83203
6.21484
-3.93555
1.52734
1.08301
-5.30859
-5.11719
1.5791
-8.14844
-5.8125
-5.58984
-1.90039
-13.5781
3.05469
-12.2109
-6.38281
4.66016
2.54688
8.38281
-13.25
2.01367
-2.72656
-1.8418
-5.29688
-1.64941
-0.376709
-5.51172
5.08203
-2.1543
-0.64502
-0.308105
0.369385
2.27148
0.997559
0.553223
-2.78711
0.417236
0.15625
-2.24023
-3.39062
2.67969
10.3516
-1.07129
1.11914
-7.85156
0.658203
-3.92773
-2.17578
2.51758
-1.22949
-7.23438
3.64844
0.866699
1.12109
6.96484
4.45312
4.02344
-3.76562
4.56641
-0.813965
0.268555
-4.39062
4.75391
-2.85156
2.76367
-3.2832
7.32422
-4.28906
2.06055
2.76172
1.95117
3.78516
-2.99609
2.20312
-9.125
4.09375
-0.259033
1.8916
5.92578
0.113037
6.49219
-1.55176
3.03711
-7.54688
-4.04297
-2.9082
-1.85938
-9.04688
-3.90039
0.873047
-1.29785
3.02148
-4.27734
-6.21484
3.14062
2.07031
-1.50586
4.38672
-0.270752
4.48828
1.76562
-3.27539
-3.11914
0.564941
-8.07031
3.84961
-2.56641
2.18359
0.33252
-0.853027
-6.73828
-4.38281
11.7578
4.84375
7.51562
-0.228882
4.43359
-1.03027
-2.36133
-0.225952
-0.657227
-2.48438
-3.04102
-9.29688
1.18262
-2.30273
-0.646973
0.329834
4.16797
0.316162
-2.37109
-6.25781
-2.2207
-1.92871
-1.14648
1.57324
3.01172
11.3438
-0.360596
-1.21582
-5.69922
-1.00098
-2.14648
-4.52734
2
-7.14062
-7.90234
6.03125
-0.704102
-6.94531
1.00586
-0.46582
5.56641
1.15039
3.04297
-2.55859
4.10547
0.237427
2.9668
0.612793
3.45703
-0.820801
4.10547
-8.09375
-4.01562
0.390869
1.05469
-2.45703
0.794922
3.69336
-6.24219
10.8047
-0.819824
-0.716797
2.32227
-2.08398
1.59961
2.68555
4.63281
-5.40234
-5.70312
-1.7627
-0.522949
-6.70703
-1.2627
0.790527
2.84961
1.36035
-2.4043
-7.36719
3.31445
-2.99414
-1.41895
-2.56836
2.16992
0.559082
-3.00195
-2.53125
-1.51465
0.527344
-3.82812
5.44141
-3.99219
8.71094
-3.37109
-3.01562
-3.1582
-6.88281
8.07031
1.50586
4.91016
6.125
-1.39746
2.91992
-4.10547
-0.335938
0.701172
-1.79395
-4.98047
-5.69922
-2.97656
-4.30859
0.807129
-0.415527
-0.0857544
-1.87891
-1.17285
-2.80273
-3.87695
-1.86816
1.01172
4.62109
3.06641
11.6406
-1.03223
-3.59375
-3.0293
-1.97461
0.235352
-4.45312
2.51758
-8.64062
-6.46094
5.26953
2.26758
-6.18359
-0.296387
2.36914
4.42188
3.81641
2.35352
-3.40039
5.89844
-0.655762
0.0960693
-0.958008
3.91602
1.65332
1.39355
-8.35156
-1.97168
-0.0640259
3.45312
-1.74316
2.68359
2.67188
-5.89453
7.30859
-1.4834
0.0344238
1.5332
-0.748535
0.360596
1.99023
4.46875
-3.67383
-7.12891
-2.95898
-1.50977
-2.79102
0.283447
1.28711
1.74609
0.704102
-3.87305
-5.03516
6.06641
-2.86523
0.351562
0.595215
0.789062
0.207886
-5.25391
-2.24805
-1.25391
0.518555
-4.19531
4.73047
-6.21484
4.30859
-3.29883
-3.20508
-0.664062
-4.9375
6.19531
2.15039
1.71387
7.45703
-0.590332
4.76562
-4.88281
-0.816895
-1.1123
1.06543
-3.47266
-2.87695
-0.908691
-2.75391
1.96387
-0.550293
-2.16602
-3.36133
-1.25
-4.56641
-4.50781
-2.69336
1.43262
5.61719
1.49121
10.7188
-0.490234
-5.53516
-0.195679
-2.24414
0.859375
-5.53516
1.41699
-9.9375
-7.01562
4.52734
2.2207
-5.48828
-0.378906
2.62305
4.93359
3.81445
2.49219
-3.23828
7.66797
-0.185913
-0.133179
0.0775757
4.69531
1.62207
1.8291
-8.77344
-2.50977
0.219238
4.48047
-1.78125
1.85547
2.57812
-6.16016
6.64453
-0.497559
-1.76465
1.93652
0.739746
0.185547
1.55859
4.91406
-3.24219
-6.19141
-3.12695
-1.63672
-1.90625
0.850098
2.26367
0.871582
0.57666
-5.16406
-5.63281
8.05469
-2.3457
0.677734
0.155762
-0.0466614
0.919434
-4.90234
-3.10547