-6.71484
-7.34766
-2.54883
-5.6875
7.0625
-0.730957
11.3281
-4.46875
11.5156
-0.397461
-5.69922
-2.65039
0.243896
13.3125
-14.4844
0.102173
2.32422
-3.79102
2.53906
11.2266
3.33398
-13.4531
-5.31641
-11.625
0.176392
-14.3203
0.54248
-6.33984
3.72461
8.11719
1.46875
-3.55469
1.45117
4.44922
-7.10156
-1.09473
7.34766
12.0703
14.5078
6.01953
2.26562
10.7969
-10.2344
-8.25781
-4.53906
-7.53516
2.54102
3.86719
16.9844
2.06641
-2.86133
-4.15234
14.3281
-16.8125
2.05273
-9.71094
-3.49805
-5.89844
-9.50781
-6.38281
9.60938
5.10547
13.6953
-3.00781
11.1562
-4.59766
-13.3125
-14.4375
-4.84766
0.106873
3.04883
-14.3594
7.58984
-0.0874634
-0.249268
-11.5547
-1.14844
5.125
0.843262
6.22656
-20.125
7.19922
5.54297
-1.5459
0.604492
-21.5625
3.11133
-0.236816
10.2422
6.95312
-2.94922
-3.45312
8.86719
-8.88281
5.99609
-0.1521
-2.56445
1.75977
0.761719
-0.135254
0.257812
-11.4453
-0.5625
-3.88867
2.44727
4.06641
-5.85156
-1.91992
-6.9375
0.109863
-6.63672
-7.07031
5.02734
-12.6484
-2.2793
1.79785
-8.4375
2.23438
-10.6875
-8.07812
-0.130493
-17.6094
4.62109
-1.99609
-2.94727
2.55078
2.05859
-2.58203
-0.877441
12.7344
1.18652
-0.859375
7.21094
-1.69629
-0.375732
0.963379
3.36523
-0.590332
1.59668
5.87109
-2.08789
4.92188
10.1562
2.16797
3.32227
8.42969
2.34961
1.03711
15.0391
4.64453
11.4609
-5.67969
6.04297
-2.93555
2.68164
6.39453
12.2422
-0.630371
2.05273
-0.121338
-2.75781
2.73633
2.47266
-12.0859
-0.768555
4.53906
1.05957
-4.46484
0.951172
-4.75
2.88477
0.714355
-2.23633
1.93164
7.86719
2.62891
-9.08594
0.369385
-1.12598
0.987793
-3.93555
-6.95703
0.0699463
-0.916992
-2.16797
4.51172
4.80078
2.73047
1.29785
-1.1543
-7.59766
-9.60156
0.198608
2.10742
-2.67969
-1.06738
-0.476074
-4.28906
-0.336426
-2.10352
1.43164
1.84961
-5.91016
-5.42188
-3.36719
2.25195
-6.03125
-3.37109
3.19922
-8.74219
-4.98438
2.10742
-1.2002
3.85938
-0.943848
-5.75
7.54688
-10.2734
4.67188
0.113892
3.13477
1.82227
-5.625
-4.04688
-0.216064
11.0469
2.92383
-1.59473
8.58594
-6.14453
2.55469
-1.06641
7.28516
2.06055
2.87305
1.61621
-1.88574
0.254883
6.12109
3.08203
3.52734
5.80078
10.5938
-0.649902
8.50781
4.00781
10.125
-2.36914
1.82812
-1.7998
1.23242
7.73047
5.66016
4.25781
3.5293
-0.399902
1.6875
6.48828
2.72266
-5.20703
1.16992
3.73242
4.0625
-3.33789
4.11328
-8.5
-2.02734
0.805176
-2.41797
4.13281
4.95703
4.84375
-4.16797
2.05469
0.332275
0.370117
0.54541
-2.72266
-0.964355
1.96094
-0.608887
6.35547
-3.62305
4.67969
2.92969
-1.26074
-9.83594
-9.28125
1.15039
-8.57031
-0.214355
3.63672
-1.29102
-15.3594
-2.41406
4.54688
8.30469
10.2422
9.13281
2.1582
0.0916748
-8.32812
5.70703
-4.73047
3.74805
-5.52734
-1.92383
1.36035
1.94238
-14.7266
-22.7812
-9
1.0127
-6.04297
3.27734
-12.7734
-7.45703
-10.6406
0.691895
9.71094
0.122375
7.05469
14.6172
-2.61914
6.05078
-1.80273
-10.4062
0.0353088
2.5332
7.54297
1.69922
3.93164
-10.8438
1.81348
12.0938
4.97656
0.711426
-1.7666
6.15625
-1.2998
-5.65234
-6.96875
8.34375
-7.67578
-3.57031
3.41211
8.28906
15.0234
12.9453
6.76953
4.82031
-0.389893
3.24414
-9.42969
2.25781
-10.0078
18.1875
4.33984
4.58984
-5.10938
8.75781
5.72266
-1.24902
3.80469
-4.93359
1.22656
1.09668
5.34766
1.29004
4.00391
-10.1484
-0.558105
-2.41602
6.25
3.14258
-2.25977
-1.86621
4.65234
6.56641
-4.00391
-4.44922
2.00391
-9.47656
2.5918
0.825195
0.473389
1.44434
-3.16211
-0.549805
-10.1328
-8.27344
-1.69141
-1.3291
6.13281
-4.76172
-1.3623
-1.42871
1.12988
-0.949219
-2.72461
3.95508
-6.00781
-3.52344
-2.69727
-2.75195
-1.73535
-1.98145
-6.11328
-2.83203
-5.86328
0.487305
-3.19922
0.529297
-1.40039
-1.05176
-2.71289
0.71875
8.46875
5.34766
0.488525
6.07031
-5.33594
-4.10156
-2.11328
5.65234
5.80469
3.85742
4.70703
-1.1582
2.13867
9.9375
0.506348
0.713867
5.59375
5.38672
-2.73633
4.24609
2.83203
10.7344
-6.89453
-1.75781
-1.97559
1.59375
10.2734
3.55469
6.60938
0.723145
0.376465
0.711914
2.08984
4.70312
-7.96875
2.1582
6.64453
3.3125
-2.55664
6.17969
0.597656
-2.5332
2.67383
-4.64453
4.58594
3.26953
5.85156
-1.18262
-0.971191
-1.08984
1.6875
-3.13867
-4.71875
-0.0124054
-0.0547791
-4.34766
3.38672
-1.41602
0.395752
0.734863
4.67969
-10.8906
-6.15625
3.2207
2.16992
0.640137
-5.33594
1.41211
-9.28125
-3.5625
-2.39844
0.287842
1.02148
-4.59375
-4.06641
-1.9209
5.78125
-7.19141
-3.99023
4.88672
-6.57031
-4.14453
1.08203
-1.38379
-0.75
2.49609
-6.29688
3.94141
-7.32812
2.39062
1.76465
3.2168
-0.493408
-0.69043
-5.02734
0.712891
9
3.05859
2.63477
8.10156
-6.53516
-1.06641
0.517578
6.53906
2.1582
3.5625
1.90332
-2.18555
0.421875
6.11328
0.79248
2.60156
7.24219
8.5625
-0.79541
8.47656
3.51562
13.6797
-6.08984
-0.568359
0.685059
-1.33398
9.96875
3.11133
5.04688
4.53516
-0.158569
-2.46289
6.86328
1.31055
-5.80469
0.921875
9.61719
4.42188
-5.14453
4.39453
-5.37109
-4.25391
0.183594
-4.11719
4.59375
2.16602
6.67969
-5.03906
0.0531311
1.39453
2.09375
-0.372803
-8.3125
-3.09766
-0.268799
-2.65039
5.06641
-2.57031
-0.139526
2.83008
1.13281
-9.36719
-4.87891
-1.72852
-0.698242
2.53711
-8.91406
8.07031
-6.98047
-0.352783
-1.45312
6.51172
-0.169556
-5.40625
-1.2334
-2.45703
5.52734
-11.7344
-4.83984
5.60938
-4.69922
-5.45703
4.06641
-2.63281
0.11969
1.41113
-5.24609
-0.584473
-7.44141
3.90234
4.26172
-0.486572
1.5293
1.70215
3.3457
1.96484
13.4141
-5.84766
8.08594
7.71875
5.01562
7.92578
-1.50879
10.4375
-2.00391
2.25586
5.72266
-1.99609
-3.4707
7.04297
4.72266
-1.11133
6.73828
6.07422
-2.45508
11.8672
2.10352
20.7188
-10.875
0.933105
-3.22461
5.49609
6.5625
12.1094
0.640625
7.85938
0.749023
-1.8252
9.5
2.18164
-4.91016
-1.58984
7.88281
3.20898
-6.03125
-0.437988
3.91992
-5.26562
-2.23828
5.37891
-1.82031
2.23828
8.88281
-7.30859
0.488525
-1.24316
3.51367
-8.01562
-10.5156
-4.33594
-1.71582
-7.44141
5.05078
3.72656
-4.16406
-7.62891
2.51758
-9.70312
-0.257568
-15.4062
-7.11719
-6.65234
-14.3906
18.5469
4.04688
5.10156
0.76709
10.4375
-1.1875
2.63867
-0.185303
3.63672
18.0625
-19.6406
5.5
-4.06641
20.4375
11.5938
15.3516
12.3281
-25.25
5.94922
-11.9219
3.52148
7.16016
-1.80176
-4.90625
8.42188
2.75781
-2.13867
6.85547
1.00293
0.818359
-11.7109
10.2812
7.67969
13.4922
13.7344
8.01562
2.78906
18.1719
-19.7969
-8.36719
-3.33789
-24.9688
3.66406
3.39453
10.6953
-10.7188
-2.97852
-2.84766
1.12109
-20.4688
-15
-15.3516
4.29297
-3.37109
1.51465
3.36133
16.0156
17.6406
3.42969
3.29297
22.2188
13.3203
-12.8516
-1.64648
2.5918
7.38672
3.29688
-5.24219
10.5703
4.39453
-5.21875
-15.0469
4.25781
12.6797
-7.91797
12.2812
-19.5938
15.6094
3.46289
5.61719
7.23047
-23.3125
5.02734
-1.30957
13.2109
1.01367
-5.72266
-6.83984
8.17969
-0.00981903
-1.05859
9.84375
-13.9688
-14.9219
-1.61719
-0.300537
6.89062
6.74219
-6.84375
0.313477
7.33984
10
2.30273
-0.914551
2.0332
6.19531
-2.83789
-1.03613
-1.37207
7.98438
7.64453
1.56348
0.160889
-8.64062
-10.3438
-4.12109
-8.14062
-0.408447
-8.46094
-1.12988
1.80566
3.63477
2.46289
10.1172
-2.10742
-8.40625
-12.1797
2.16016
5.79297
14.625
5.21484
3.66016
-1.40625
9.07812
-1.4834
7.47656
-1.86035
-1.47363
13.3047
8.23438
3.2168
-4.94531
-0.338379
2.73633
2.94141
-8.07812
4.69922
-3.35742
0.169922
6.14453
-4.31641
1.05273
0.401611
-3.24023
-0.594727
-4.93359
6.23438
2.07031
1.13867
-3.53516
3.11719
-6.45312
-0.625
1.79395
-3.13281
-0.84668
-2.41406
-2.13672
-8.23438
-1.30566
0.225586
-6.75781
-10.4531
2.39648
3.60352
-0.124756
5.94531
-12.1016
2.83398
-2.20312
0.0177612
-7.30078
0.981934
0.0649414
-1.21582
1.96289
2.11719
15.1172
-14.1016
-6.40234
-10.1406
0.73584
-2.7207
-11.0469
-5.09375
9.46094
10.875
4.79297
-3.93555
3.99219
-3.48633
3.29688
-6.35156
-10.5469
0.188721
6.64453
5.22266
4.72656
-6.11328
1.28613
-10.6406
8.375
1.71973
-2.16016
-5.1875
-12.7734
-3.27539
3.05273
-5.30469
0.469238
-3.78711
-2
-4.90234
0.779785
5.20312
-2.66797
4.89844
3.18945
-5.10938
-3.48047
2.03516
9.41406
-1.85449
1.94141
14.0469
14.6641
3.10547
0.229004
12.6875
2.13672
11.3594
-0.907227
20.6406
1.50391
2.60156
1.91602
1.94629
7.96875
0.105103
-4.09766
-5.62109
1.68457
3.59766
9.8125
10.5234
3.99805
-4.52344
-0.0919189
5.57812
-1.47363
-4.03516
-14.0781
-1.25488
6.99609
-3.14258
-6.21484
1.73438
-7.50781
0.816406
1.25488
0.629395
-1.53613
-1.6709
-0.451416
1.49414
-0.187744
-4.76172
-5.07812
1.02832
6.07812
-4.15234
9.29688
3.78125
2.63086
-7.22656
-3.88867
-6.51562
2.44141
-7.57812
-11.6016
-6.18359
6.50781
2.4043
5.52344
-2.97461
0.678223
1.31445
-0.705566
-3.81836
-8.71094
-1.26367
5.41406
0.0492859
8.97656
-1.31152
-1.51367
-2.91406
3.97656
2.7793
1.64941
-3.21289
-5.73438
-3.32812
-2.59766
-8.67188
-0.865234
-4.64453
-3.55078
-1.49121
-3.11719
3.05859
-5.07812
1.22949
1.52734
-5.53516
-0.16626
1.60742
4.60938
-5.74609
6.58984
10.4297
13.1875
3.68555
-1.25391
10.2266
-2.64258
-0.618652
-0.0828857
15.4766
1.25391
1.15332
2.92773
1.74219
10.1562
-1.88867
0.727051
-1.92188
-0.071167
7.03906
0.00187683
5.74609
1.56738
-1.53516
-0.4021
2.82812
-0.874512
1.52734
-13.2109
-3.70117
11.5625
-4.60156
-0.358643
0.707031
-2.61328
1.39941
4.30469
-0.951172
2.42773
4.18359
-4.41406
1.09863
0.559082
-3.49219
-2.9707
-7.14453
7.99609
-2.24414
7.91016
0.945801
-1.78125
-6.05078
-4.92578
-5.60156
6.49609
-9.90625
-12.1484
-6.44531
3.24609
-1.10742
10.3828
-1.86914
6.15625
3.72461
-4.33984
6.69922
-7.06641
-1.98145
-0.201538
1.85547
4.33984
-1.48145
-0.0648804
-6.11719
-0.79248
-1.07617
-1.86133
-5.62109
-3.5957
-4.65234
-6.30859
-2.68555
3.77344
-3.33984
-1.13379
-0.425293
-5.83984
-0.0195923
-2.125
1.04785
1.16504
-0.663086
1.14746
0.992676
2.20312
-2.63086
8.30469
9.17188
7.45703
2.56445
-3.10156
6.68359
-2.68164
2.43359
2.13281
7.44141
-1.74414
4.16797
4.4375
3.52148
9.17188
2.53906
5.0625
0.411377
-4.41016
4.07031
-8.63281
4.43359
-1.92578
5.19922
-1.05273
-0.638184
-1.86035
4.29297
-4.10938
-2.24609
14.25
-3.1543
1.55762
-0.865723
-6.26172
-0.239868
7.46094
-2.23828
7.46484
4.65625
-4.09375
-0.0408325
-1.59668
1.2627
-2.63477
-8.96094
5.85938
0.892578
7.44531
-6.19141
1.78125
-7.1875
-3.43555
-2.86914
6.28906
-5.49219
-6.68359
-1.95703
0.748535
-0.337646
6.61328
-5.98828
4.83984
2.05273
-3.6582
4.32812
-4.54688
1.58691
-7.46094
0.0205994
2.42578
-0.926758
3.66406
-5.43359
-1.0332
-0.842285
-4.24219
0.272217
-3.39648
-3.16797
-1.96387
1.1582
-0.475586
-2.22266
2.85547
-0.050293
-2.27734
1.8418
-3.44531
-0.147949
-2.21289
2.21484
1.06055
2.38672
4.39062
-0.890625
7.06641
6.72266
6.20312
4.13672
-0.549316
7.65625
1.82617
2.56445
0.241577
5.75391
0.71582
1.18945
0.00850677
3.80469
6.01953
1.82129
6.01172
-2.63281
-4.44531
4.29688
-8.14062
3.90234
-3.13672
4.05469
1.22168
1.13086
-4.05859
2.64648
-3.42383
-0.444336
9.01562
-0.932617
0.0492249
2.48242
-4.72656
-0.589844
3.11719
-0.534668
6.49219
3.86328
-1.0293
0.220947
-1.47559
-0.0351562
-1.56445
-6.42188
4.66016
2.75195
9.29688
-7.48047
-2.39844
-3.19141
-2.27344
-0.430176
3.39062
-3.61914
-7.59766
-1.66406
0.90625
2.16016
2.25
-8.72656
2.81836
2.38672
-1.13379
-4.67188
-4.62891
1.58105
-3.23047
-2.28711
1.02051
-0.0171204
5.44922
-2.9375
0.0551758
2.8457
-2.51172
2.83984
-1.08301
-2.73438
-0.879883
-0.865723
-2.27539
0.92334
1.83594
1.4082
-2.62891
4.85938
-3.46094
2.38867
2.10156
-0.924316
-0.12854
3.60352
3.8125
-3.55859
7.87891
6.86719
9.07031
7.99219
5.73828
12.8594
0.0166779
3.05078
0.383789
11.8203
2.24414
1.31152
0.914551
5.27734
4.85156
-0.8125
0.975586
-2.17188
-4.48828
3.04102
-4.01953
1.46191
0.783203
-3.16016
-0.665039
4.90234
-5.21484
0.256104
-7.21094
-1.37402
10.6484
0.185913
-1.53516
2.44141
-1.04102
0.52832
0.0272827
-1.35254
4.19922
3.7207
-2.4707
-1.23828
0.303223
0.302246
-2.69727
-7.02344
3.36523
-0.374756
2.75586
-0.294434
-0.69043
-6.48047
-3.41406
-1.05762
0.340332
0.200439
-3.68555
0.045105
4.08594
5.99219
2.04492
-5.8125
2.8457
-1.25879
0.431152
-8.9375
-5.88281
2.14062
3.04492
-0.911621
-4.13281
-2.19141
3.3418
-8.14844
0.331055
-3.64648
-2.42969
2.71094
1.64941
-1.09082
0.273926
6.64844
6.25
4.38281
1.05469
-3.59375
0.566895
4.55859
2.40234
6.99609
1.12109
-0.00679779
-5.66016
6.89453
4.64062
-4.03906
7.68359
9.11719
10.9219
7.00781
9.03906
10.3828
3.42383
9.71094
-1.34668
15.5469
-4.34766
2.23242
-1.99512
9.40625
-2.16211
1.71387
-6.83594
-5.44531
-5.44922
-7.16406
-1.32617
2.41992
-0.877441
-4.33594
-1.56152
5.05078
-4.60547
-3.63281
-8.35938
-1.34766
4.57422
6.66797
-6.27344
2.78906
-4.57031
-3.88281
-0.931641
-0.0335388
0.51709
-1.58594
-2.97266
-2.74023
-3.6543
-2.17578
-3.1582
-1.54492
0.135986
-0.633301
-0.33667
3.84375
6.64844
-12.6484
-8.27344
-4.05859
0.260498
6.70703
1.24609
-1.71582
-1.5791
4.91406
1.02832
5.91797
4.70703
-2.37695
9.45312
-10.8672
3.93555
-2.78125
15.9297
0.994629
4.81641
6.60938
-14.1953
-2.55664
-4.88281
7.41016
8.25
4.20703
-1.34082
7.08984
1.21387
1.97852
9.83594
6.64453
-8.57812
-13.5312
2.15039
11.8125
8.60938
-6.70312
10.6641
-5.01953
11.0312
-5.29688
-2.80078
-13.9688
-7.50781
10.75
4.96484
6.97266
-5.0625
-3.3125
3.22852
-4.6875
-12.125
-15.8594
-6.27734
0.906738
0.780273
6.29297
1.01855
0.206787
9.52344
-7.05469
-1.72168
4.51562
12.3672
-7.67188
2.32422
2.39258
-0.159912
4.00391
3.60156
-6.85938
0.874512
-4.47266
-4.96484
-5.54297
6.49609
-1.80273
2.63672
-11.6406
2.66211
-0.475586
2.46875
18.3438
-11.4531
2.625
-7.98438
5.93359
-7.0625
-4.30859
-13.1016
8.19531
-7.73047
3.41797
12.25
-16.7344
-19.9688
0.480713
5.75781
12.6328
1.74316
8.28906
5.79688
16.4688
5.60938
11.9531
-0.812988
0.647949
11.2969
-3.3457
-7.33594
-7.5625
6.49609
0.947266
7.41797
4.23438
-13.2422
-13.7188
-10.9062
-3.74609
0.470947
-3.27539
-7.28516
1.55176
7.92969
-5.03516
7.40625
1.73633
-4.12109
-12.6484
7.73438
1.01074
13.2422
2.57031
8.74219
-4.08203
4.80469
-1.96777
-3.02148
-5.21094
-9.05469
18.5781
9.17969
10.7031
-0.46875
-5.59375
9.65625
-4.36719
-23.9844
2.08984
-3.75977
-9.9375
-3.87891
-1.61816
0.419434
9.44531
0.705566
-6.64062
-3.5625
17.5625
-14.9766
-4.69922
-4.50781
12.2578
-4.63281
-0.765625
-0.646973
0.550781
6.62891
7.03516
-3.86328
-0.697754
4.45312
-13.3594
-2.53906
-11.7031
-2.89258
1.26074
5.73828
3.28516
-4.35938
12.25
-5.38672
0.102356
-0.684082
-0.193481
-10.9453
2.21875
3.38086
4.38672
19.5625
-7.87109
-3.06641
3.23047
5.71875
8.55469
-15.1172
-6.94141
16.1406
11.8984
-2.46094
-2.97266
8.125
-1.28613
0.101562
0.259766
-4.88672
1.29688
4.44531
9
-12.8203
6.01172
-6.91406
-8.15625
7.13281
-8.16406
5.66406
-6.38672
-7.48828
-2.09961
6.21484
4.54688
-3.07617
-2.44141
-2.60547
-10.1328
17.5938
-1.47949
3.67383
5.53906
-0.959961
2.38281
-6.71484
7.80469
9.74219
10.2656
-11.5234
9.74219
4.92578
-1.27539
4.34766
1.2041
14.2969
8.86719
-5.23828
14.1641
8.49219
-1.47559
1.96777
-12.9297
-5
17.2812
-1.56836
-11.4922
-2.31055
9.33594
11.2969
7.58203
4.17188
-3.1582
-4.83594
-8.02344
-0.504395
4.32812
-6.04688
9.96094
0.456055
7.78516
-2.58008
-2.94336
-0.60498
-6.08594
-8.47656
-5.6875
-8.40625
-15.2031
4.3125
16.5625
-7.17969
-7.53125
-2.70508
-4.96094
-1.67578
-6.06641
9.85156
19.2969
16.25
-11.9922
-3.86914
2.78516
12.6875
-4.32422
-9.25781
-1.07812
12.6719
8.76562
3.38867
-7.31641
-0.993652
-2.20117
5.12891
-6.51172
-8.13281
2.76758
8.70312
9.88281
4.06641
0.85498
-4.30078
-6.22656
3.92188
1.47363
4.46094
-4.45312
-8.875
-1.98145
0.668945
-12.3906
-11.5781
-8.16406
-2.73438
-6.76172
0.297119
-0.110474
-3.04297
6.75391
3.32227
-3.32617
1.43652
-0.429199
11.6328
0.895996
-4.21875
9.21094
12.9844
0.0995483
-1.46777
10.3906
2.9043
-2.46289
0.821289
15.0469
9.45312
6.22266
-7.07812
-11.5234
1.73438
4.67578
-1.00684
-9.44531
12.1094
17.2969
10.9531
2.31055
11.3594
-3.60547
2.875
4.29688
-4.08203
1.95605
-13.3281
-4.35938
10.7812
8.4375
6.21484
8.33594
4.16016
3.34766
-0.46582
-1.66895
-0.297119
0.671387
-0.0238342
8.6875
-1.20215
1.83398
-8.17188
-4.66016
-1.15527
-10.5938
7.05469
13.2812
1.81934
-10.0781
1.91113
0.061615
13.3828
-11.3438
-11.4219
-1.90039
7.57812
6.52344
4.4375
-7.46094
3.0293
1.65039
4.30469
2.73242
-13
-0.652344
0.995117
7.25
5.33594
-5.84375
2.64844
1.0332
6.71094
1.78906
0.78418
-11.75
-13.1562
2.49805
-5.98828
-11.3047
-8.45312
-11.0078
3.13281
3.4668
-6.18359
0.919922
-5.57812
5.55469
1.09961
-2.34375
0.217285
-3.77148
4.92188
-0.905762
-3.66992
7.01172
6.73828
-1.03809
-3.96484
3.81641
4.14062
2.58984
6.04297
12.3828
3.38867
9.51562
-6.81641
-2.27344
3.37695
6.91016
-2.25
-4.59375
9.38281
20.8906
18.5469
6.79688
13.8906
-0.235962
3.98242
3.07031
2.28711
3.56055
-9.45312
-10.0391
16.2969
-0.471436
-0.240601
5.4375
10.1172
5.04297
2.8125
-3.31445
0.212524
7.07031
-2.41406
3.60156
-0.902344
2.17969
-5.32031
-7.69531
5.52344
-4.06641
1.97266
1.89941
-2.75
-10.25
-2.85742
0.388672
13.5859
-5.50781
-2.375
1.23242
4.35156
3.625
6.36719
-7.24609
1.12891
4.85938
2.03711
-2.50781
-10.2266
4.08594
-0.832031
5.14453
5.25781
-2.93359
-2.72266
-4.45312
4.18359
-2.05469
8.04688
-7.29297
-6.48047
7.21484
-0.291016
-5.01562
0.818359
-12.2656
2.85156
0.197144
-4.99609
0.926758
-3.18164
4.61719
-4.94531
-0.726562
3.4082
0.770508
5.25
-1.73242
1.47168
4.26953
5.27344
-0.63916
-7.22266
4.16797
5.01562
-0.362549
2.52148
5.57812
4.12109
3.74805
-5.62891
-4.85547
-0.275391
2.41211
-4.09375
-4.79688
0.754395
16.1094
13.3516
4.19141
6.76562
-1.14648
-3.09961
-0.16333
-1.42383
0.449951
-9.35156
-6.51172
8.25781
4.83594
0.320801
8.60938
6.66406
3.40039
1.51367
0.538574
-1.5752
3.69922
-1.96191
4.09766
2.19531
-1.05957
-10.7812
-3.45898
2.63281
-7.26172
10.5781
-0.631836
-1.29492
-8.125
-7.78906
-7.02734
7.66797
-0.154907
0.135498
-2.42383
13.125
10.2812
-1.0127
-10.1016
1.64844
1.68652
0.297607
-12.2969
-7.63281
7.99219
3.94531
6.23047
2.82422
1.24121
-6.34375
-3.04102
2.70898
-1.08691
6.58594
-10.3906
-4.79688
5.82422
5.17578
-4.72266
-7
-12.0703
3.6582
-0.887695
0.627441
2.02539
-2.14648
10.0547
-1.37402
-4.35547
0.619629
0.222412
10.2188
-0.179565
2.9082
3.98828
8.39844
-2.31641
-4.79297
12.5078
0.471436
1.50977
3.41992
12.5859
6.78516
2.32617
-1.16016
-2.66992
0.901855
-1.53418
-7.4375
-6.92578
-0.454346
1.63867
14.0938
5.6875
9.94531
-11.2266
-5.56641
-2.73828
-2.94531
-3.69141
-11.0312
-5.65234
10.2891
4.01562
-1.66016
9.96094
2.37891
7.26953
-2.3457
1.18652
-6.01172
-2.22852
-3.63086
6.15625
4.73438
-6.42578
-12.6953
-3.16602
3.22852
-11.2578
9.77344
9.29688
-0.385742
-9.57812
-5.94922
-1.48438
-3.05859
9.1875
-3.25
-2.65625
14.7422
13.2734
4.46484
-2.79102
4.87109
-1.03809
-0.772461
-10.0938
-0.721191
5.03906
4.70312
10.3203
-8.57812
1.98828
-2.66992
-6.76953
3.17383
-8.3125
6.38672
-8.16406
-0.275879
7.77734
0.895996
6.5625
0.790039
-6.37891
-2.49805
-5.10547
9.23438
-2.125
5.67578
10.5312
-4.49219
0.328857
-4.21484
6.01562
12.1406
9.9375
-0.961914
4.35938
7.39062
-1.76465
-0.849609
5.47266
2.15625
7.05859
2.18359
14.7188
5.96875
6.08203
6.21875
-8.59375
-2.62695
-1.8457
-6.65234
-6.26953
-7.21484
-3.62305
12.2031
6.57812
7.88281
-7.03906
-5.42188
-4.09766
-5.02734
-3.49219
-11.3906
0.0829468
5.10547
7.03125
-7.79297
4.37109
-8.98438
-1.36328
-5.51953
0.277832
-7.41406
-7.47656
-3.9375
5.28516
0.0913086
-7.375
-4.12891
-2.51953
3.05859
-6.89844
5.29688
12.25
14.2188
-13.6641
-9.66406
0.905762
-7.53516
0.86084
1.87402
-6.92969
8.61719
7.26172
6.03906
8.33594
8.39062
-4.42969
7.20312
-9.25
1.2627
-0.840332
17.8281
9.51562
4.04297
5.3125
-14.5859
-7.48438
-3.03906
-3.14258
9.24219
-10.9141
-4.00391
11.4297
-1.27246
3.29883
11.4297
-3.21875
-17
-12.8516
7.81641
3.96094
10.9609
-8.24219
4.94141
-9.85156
10.7812
-11.3984
-4.73828
-6.80078
4.76562
13.3047
4.32031
2.64648
-4.76953
-2.70898
1.45312
-0.905762
-14.75
-4.0625
-7.37109
2.45508
3.9668
-3.38086
4.70312
-4.55078
3.11719
-4.03125
-5.16406
2.96094
13.2812
-5.84375
0.820312
6.41797
-1.37012
1.50293
-0.47876
-4.28906
-4.31641
-5.44531
-3.79102
-0.218506
6.06641
-3.51562
1.02637
-7.90625
-0.393311
1.51465
2.24023
16.0156
-13.3047
1.43555
-3.46875
3.62695
-8.0625
-0.530762
-10.7969
-0.106873
0.358887
3.89844
21.4375
-21.5938
-8.875
-9.44531
4.08203
2.03516
6.15625
9.71875
-14.4609
2.18555
6.00391
0.0444336
10.8594
1.74219
-7.75
-8.50781
-2.11133
2.3457
9.33594
-13.6406
-6.09375
-6.53906
-6.05469
-10.4062
-9.42969
-4.60156
8.42188
-1.95801
-3.26758
-1.64551
-2.50586
-7.88281
-1.61523
0.842285
-6.00781
-3.11133
-3.31055
-12.5625
11.125
-0.0429993
3.94141
-19.2812
1.44531
-4.85156
-6.01953
-8.30469
-4.16016
12.9141
-6.82812
-6.51172
-6.94922
-13.6719
0.567871
-14.8125
-11.8281
-11.8984
-1.58887
4.25391
7.20703
-1.31445
0.503418
3.17578
9.44531
0.757812
4.28516
0.1875
-28.4219
-3.95703
-7.32812
12.1016
-19.6406
-3.69141
11.9297
2.17773
14.9609
7.01562
-10.7734
-1.98926
-0.0681763
-3.69336
-9.57812
-4.40625
1.35254
-1.57227
0.476074
2.29297
4.76562
4.82031
-8.96875
4.64453
-0.684082
0.549805
-13.125
-2.09375
-0.209839
-3.83008
0.513184
-0.0175171
-12.5469
-6.44531
2.44922
5.92969
5.89453
-8.32031
6.49609
16.9531
14.2891
-9.82031
-2.74609
-0.574219
-7.78516
-1.41797
-5.51953
-5.73047
-6.18359
-6.69531
-14.0703
4.71484
-2.11914
-2.13672
2.29883
4.94141
12.6484
-6.16016
1.23242
5.875
-3.27148
-4.69141
1.96191
-9.69531
2.61914
4.49609
-9.41406
-0.00925446
4.52344
4.75
0.196777
-14.5
-0.38208
6.14844
-7.19141
15.5469
-20.0469
-1.41699
-9.32812
-11.0234
11.9688
-35.5625
17.0156
-2.30078
-16.1406
-12.5078
-4.47656
0.728027
-2.59375
-5.07422
1.21289
8.5
4.94922
-18.2344
12.9922
-1.96387
-5.28906
0.596191
13.9297
-10.7812
-17.6719
1.50879
12.1328
-1.78418
14.4141
7.76953
-5.51172
2.49023
-0.81543
-4.84766
-9.54688
-11.5312
-8.40625
-5.01953
3.375
-5.24219
6.30078
-8.04688
-13.7656
5.03906
7.15625
-8.67188
0.599121
-2.10547
5.78906
2.29688
8.30469
9.4375
1.22852
10.5859
10.7344
5.125
-11.2969
16.25
4.86328
4.04688
-6.92578
-7.38281
0.468262
0.615234
-15.0078
6.34375
2.94727
11.75
-14.625
-7.81641
-23.5469
1.99707
4.13672
-13.25
1.30469
-12.4141
0.199829
1.42676
2.34766
-9.75781
5.65625
12.9609
-7.09766
-5.76562
-3.77734
-5.47266
2.53125
-35.25
12.0938
0.552246
6.22656
-8.96875
-16.7969
15.1875
5.20703
-8.07812
-3.04297
8.9375
-30.1406
-16
0.834961
-14.2969
-6.45703
15.1875
1.45312
-10.5391
5.76562
11.7812
11.2266
-12.0234
-17.625
13.6094
-1.45996
2.1543
-5.94922
-0.341064
-4.03516
6.39453
-16.3281
-13.7656
-19.7812
-2.59961
9.76562
-2.125
8.03906
14.3906
-11.4141
-4.32031
2.19531
15.0547
0.662109
-0.733887
-15.8516
-20.2969
-1.23145
-15.6719
-2.6582
9.14062
-11.4922
-5.53516
-3.79102
0.990723
8.02344
-7.64453
-17.5
-4.91406
-1.93164
32.7812
3.01758
-10.3594
6.13281
-9.20312
-16.9531
-13.6953
7.83203
-3.66602
-1.58691
-6.71094
1.15332
-2.84961
-14.4766
5.99219
-3.85938
10.875
0.523438
1.44629
-14.0625
1.52246
-7.17969
-4.70312
8.32812
-6.67188
-0.65332
-2.26758
-3.15625
-14.3984
11.0391
22.3594
-22.3906
9.03906
12.4375
-1.58496
8.02344
-23.9219
-0.438477
2.69922
10.5156
8.26562
-20.9219
3.24609
16.1406
-22.7031
6.57422
24.2188
-26.5
-4.81641
8.61719
-20.6875
0.705078
2.1543
18.3594
9.75
2.54883
15.0859
18.8594
-9.125
4.22266
7.03125
-5.37891
8.74219
3.20117
-1.75684
5.33203
6.70312
-26.125
1.05762
0.208862
-6.51953
30.4219
13.7109
3.91797
-5.78516
4.4375
-9.38281
1.63867
22.5938
4.12891
21.6719
-7.3125
-23.3906
12.6484
-17.2344
7.19922
10.9141
-5.82422
-18.4375
-2.03125
6.55078
18.9844
-6.85156
-22.3125
26.9219
-11.2109
13.75
7.71875
-2.87109
10.5078
-5.41406
-9.41406
4.625
-0.972656
1.16602
-3.30664
-8.22656
-3.875
1.83398
-16.2344
10.2734
-2.16602
3.32617
-3.41797
-3.7793
-18.8281
-4.03125
-3.25391
-8.28125
-1.43164
-12.7344
-7.70703
0.555176
4.33203
-8.65625
-1.23242
9.99219
-6.16797
-0.369385
-0.636719
-11.2891
4.05078
-26.0156
1.2959
-2.05469
4.92188
-9.27344
-9.85938
12.0391
9.47656
3.87305
-3.9082
1.22461
-23.2344
-5.24219
9.02344
-14.8594
-4.46484
-9.07031
-14.8828
7.72656
-6.07031
9.32031
8.89844
2.79883
-2.01172
-5.94141
9.83594
4.03516
-6.90234
4.28516
-18.4375
10.1875
-5.90625
3.64258
0.528809
-0.607422
13.2109
5.96875
13.3359
-3.50195
-11.1406
-1.88672
-10.6016
5.37891
-3.58398
13.6484
-15.125
-19.125
1.21191
-15.9688
3.49805
-5.36719
-7.96094
-7.21094
1.54102
-1.55273
10.0547
-9.01562
-7.46094
-7.56641
-5.37109
-4.97656
-0.415039
3.01562
17.7656
-8.125
-1.25879
-3.06641
-0.371826
-2.18555
-14.4375
-0.958984
4.32422
-4.33594
-13.6094
0.0892944
-4.46875
-1.2666
1.52051
-1.2627
-6.07031
-5.23438
11.4688
-7.71875
-3.02734
-4.125
-7.60156
-7.25781
5.00781
-7.91797
2.70703
2.50391
-4.95703
-5.44141
-0.120605
-8.52344
7.18359
-7
-0.055603
9.6875
6.23438
-9.51562
-17.1094
10.7812
-0.483643
5.05469
-4.15625
5.64062
-13.4219
-6.12891
-2.67969
-5.74609
3.74219
-7.73828
-8.74219
2.27344
-2.36328
0.493408
-5.30859
5.61328
-2.27148
0.433594
-1.75098
1.77637
-2.23828
6.25
-11.1484
0.859863
-2.26172
9.72656
-6.82812
6.74609
9.6875
-0.390625
6.41406
6.99609
-3.40039
8.02344
-12.7031
-5.70312
0.446533
2.03125
-12.6953
-8.75781
8.42188
-18.1719
-3.21094
-0.486084
-2.9082
4.625
-0.950195
-2.24805
6.28516
-16.5938
-2.25195
-9.375
-3.7832
-4.56641
-7.87891
2.68359
10.3203
19.4688
-1.21777
1.23438
9.10156
5.53906
6.08203
-3.24219
3.11523
-4.85938
-1.73242
-6.39844
-8.88281
-3.38281
-12.2656
3.76758
-0.479004
0.0667725
-7.09766
-5.70312
-5.18359
0.538574
0.0499878
-0.971191
0.557617
4.01172
2.03516
1.0498
-0.566895
-7.86719
3.79688
-3.03516
12.8125
13.2578
5.48828
8.92969
-4.85156
1.41309
-7.45703
2.10156
-2.53125
10.6953
-8.64844
6.41797
1.23633
-3.94336
2.81641
-12.8281
6.64453
3.75586
-6.22656
-9.83594
-4.35547
0.0163574
-15.4922
-2.56445
-5.96875
14.6562
2.55469
-13.9766
3.32031
-3.38477
5.88672
-5.64062
5.47656
-3.60352
-14.8438
-5.34766
8.375
0.867188
-0.596191
12.5625
-12.4688
6.62109
-2.58789
4.14453
-10.7266
-11.3984
-5.55078
-4.00391
7.68359
-1.64355
2.68359
-1.26465
-15.5703
9.75781
12.1484
-3.72656
-9.75
-8.83594
13.25
18.3125
11.7578
-7.24219
-7.82031
2.47656
-2.55273
0.770508
9.21875
6.17188
1.36523
5.29297
-1.43359
-2.01367
6.23438
-0.252197
5.37891
-12.7344
0.572754
-4.80078
2.64844
-3.51953
9.21875
0.496094
-0.567871
2.29102
-6.68359
5.13281
6.25781
-4.87891
-2.43555
4.99609
0.913574
-5.33594
-7.54297
5.68359
-1.27637
-8.24219
-1.55859
13.1562
-3.33984
-7.74609
1.16504
-3.27539
9.64062
-3.37109
-5.16406
-12.0469
-5.35547
3.72266
5.96875
2.14844
5.80469
-1.7793
-0.147583
-1.07715
-7.23828
-6.39844
-9.94531
-4.83594
-7.30469
2.44336
-4.93359
-1.88965
11.1562
-8.25781
1.8457
7.42969
6.39453
-8.77344
5.39453
-6.43359
-5.97656
5.375
1.94727
-3.64844
0.461426
-6.625
-3.54102
-2.94922
0.507812
-0.80957
-3.08594
-9.47656
-0.365723
10.1172
11.8203
12.9297
-2.29297
2.20508
-9.23438
5.57812
0.194824
-9.98438
-11.2109
-0.150879
0.0611572
10.1875
2.90625
4.84375
-11.4375
-7.39453
-11.6797
-6.95703
15.6641
-0.330078
-17.4844
-15.2188
-3.19922
3.28711
14.3828
6.88672
0.222168
-9.15625
3.34375
-10.5391
17.1875
8.17969
11.1953
-1.56836
-10.8203
-8.24219
-3.95117
-15.5
-16.7188
-23.8438
9.09375
8.78125
4.09375
-11.1797
-9.08594
-8.03125
-1.41113
-3.24805
0.37793
-8.71875
16.4375
5.16016
4.38281
-14.7266
5.95703
-9.10156
-3.66992
2.57031
6.65625
8.09375
-7.98047
-2.83008
-7.32812
-2.86328
-2.93359
2.76758
12.0078
4.75781
-0.362305
9.78125
-11.5391
-0.732422
2.7207
5.91016
-5.625
9.375
8.59375
-16.0312
-27.3438
-10.3828
-7.19922
20.1406
-7.82422
-1.90234
5.72656
-5.21484
5.45312
7.64844
8.11719
-8.60156
29.0469
-13.0859
-9.69531
-16.2188
14.3438
4.46875
-9.76562
14.1875
-23.7031
1.38477
-4.57812
13.2578
0.0281982
-1.53906
-15.9688
5.06641
12.0078
0.747559
4.94922
-0.620605
-3.69336
5.22656
-2.27344
8.32031
0.818848
-0.0210266
-1.27246
10.5
8.32031
-8.96875
0.0541687
0.931641
-8.60938
-2.98047
-1.01758
-10.7656
-9.46875
-13.7031
-12.8125
-5.99609
-10.6094
-3.71094
3.7832
-6.73828
1.40332
-7.63672
-3.31445
12.1562
-8.75
-0.640625
8.89062
-10.0938
1.58301
4.03125
-6.48828
-5.16016
13.1172
-0.916504
-1.7373
-17.3125
8.17969
-3.0625
2.4082
15.4297
-8.41406
10.5625
-5.09766
-8.97656
4.80859
-14.8281
10.1016
4.60938
-14.1562
-8.40625
7.69922
1.06641
-3.10938
-6.62109
-2.35742
5.72266
-16.625
-16.25
14.1484
-5.0625
-3.9707
3.36523
19.4219
-8.05469
-16.3594
0.386963
6.99609
-6.10156
13.2891
7.53516
3.35352
-11.625
-10.4297
-1.50488
6.48047
-7.11719
-7.80859
-5.46094
-10.3516
-3.1582
-3.2168
-10.6719
-10.5156
3.53125
10.1875
0.701172
-7.03125
-2.70703
-4.24219
-2.41602
14.6172
-8.85938
-14.7188
2.76758
1.76074
-6.33984
-0.976074
1.86035
-11.6875
-6.44922
1.9082
-4.62891
-7.65234
-3.75391
-9.53125
13.8281
-3.95117
19.9844
5.52734
-6.64453
-14.7422
-4.44922
8.69531
0.429932
2.07617
-4.16406
4.16797
-4.74219
7.32422
-12.9297
-4.02734
0.380615
-0.848145
-7.85938
-1.56738
-11.3984
-3.10352
-20.3125
12.5469
-2.35547
-9.45312
-23.125
-10.8828
9.38281
-1.2041
-14.0312
10.7578
19.2031
-16.7656
-11.4922
-4.46484
-12.7109
-1.97852
4.01562
-0.857422
-3.41211
1.38574
15.1094
-3.93359
-2.51562
-13.1484
-7.78125
-8.55469
5.87109
-0.0506592
-4.35547
-12.8828
4.46484
-12.3438
5.5625
-4.89844
5.01562
0.605469
1.24023
15.2422
15.7734
-1.04395
-16.2188
-0.395752
-1.2207
5.67188
-1.39941
-4.14062
-19.5938
-11.4141
-8.6875
-18.8281
-2.79688
-10.4219
-1.7334
-7.10156
6.27734
8.28125
-14.4375
-0.476562
-12.3359
-8.60938
22.8281
-9.98438
-11.8672
1.45215
-2.14844
-5.62891
-6.96875
-6.88281
-10.5469
-13.2891
-9.82812
1.88281
13.4766
-5.19531
13.8438
10.1172
17.0156
4.02344
-2.07227
-9.92969
-3.03516
7.94531
0.718262
-0.625977
-13.5938
-22.4688
-15.4766
-3.90625
-11.2656
5.52734
8.32031
-7.31641
-14.5547
16.8281
-8.96094
1.89551
-6.48828
2.55859
0.451172
-4.95312
-6.20312
-14.1641
10.9609
4.92578
-9.24219
-1.19434
8.07031
-14.7344
-9.16406
-1.96191
0.277832
9.46094
13.3672
24.2656
1.75
11.8672
13.2344
-4.77344
11.4531
14.0703
1.3916
0.375244
10.8594
0.406738
-1.99609
-2.0293
8.03125
-25.0156
3.98047
-1.91113
1.6543
9.39062
15.1328
2.24023
15.6641
6.77344
-8.21094
22.6406
9.40625
-6.15625
3.23633
6.12891
-29.3281
-2.43359
-6.5625
-4.18359
-1.22949
4.91797
-4.11328
-3.69531
-7.68359
5.22266
-8.55469
-5.42188
-0.984375
-10.1484
12.8672
5.28516
-16.9219
-1.25781
-4.71875
3.26367
-1.95605
-8.96875
-13.25
-9.73438
-4.10156
-5.55469
2.15234
-4.10547
5.25781
7.63672
6.45312
13.4844
-8.92188
-17.7188
-4.04297
-2.72461
-1.41113
3.81641
-9.54688
-14.0547
-12.5469
-0.0554504
-16.5312
7.72656
7.03125
-13.3516
-5.72656
18.5312
-14.9766
-3.43945
-20.9688
3.5332
-4.26562
2.80469
-10.4609
-12.4922
11.625
7.66406
-4.77734
3.37695
15.6094
-20.8125
-4.49609
8.04688
-4.53516
0.276367
9.14062
14.1016
1.04102
2.89062
9.25781
6.73047
7.49219
14.375
-1.80566
7.09766
2.87695
-2.0918
-8.01562
-16.9375
5.94141
-22.0312
8.84375
1.31934
-3.19336
9.89062
10.4766
3.98828
-1.62012
4.76953
-10.5156
8.80469
13.3203
-6.32422
6.875
1.94434
-22.6094
-5.57812
-4.26953
-3.30078
-1.97559
-4.78516
-9.00781
3.75781
-2.73047
6.93359
-6.36719
-5.53516
-15.4453
-18.6094
7.08594
-5.16406
2.94141
8.30469
-4.45703
14.7188
0.265381
-1.14746
-13.4219
-21.2812
-5.875
3.63672
3.86133
-16.5156
0.912109
5.95703
-19.3438
11.6328
-18.6094
-21.5156
2.4707
14.8828
-8.32812
3.78711
-3.54883
-10.7266
-17.8125
-3.68164
-22.4531
2.58008
20.125
-0.361328
-5.19531
6.82031
-5.84766
4.53906
-26.0625
11.5547
4.21484
11.0547
-22.6562
-21.7969
22.25
5.21484
-2.1582
-2.97461
21.4219
-21.2969
-7.92188
5.73828
-9.51562
14.4688
4.125
12.0547
6.73438
0.813965
7.20312
13.5859
10.2188
8.92969
0.563965
-9.30469
0.4104
-0.293701
-12.1875
-18.5
20.9375
-16.5312
18.6719
-10.3281
8.4375
3.43359
-5.38281
10.4141
5.83594
16.5469
-10.0078
-4.64062
-9.27344
10.0234
16.6406
-10.9922
-20.0156
-6.07031
-12.9609
-14.9141
3.50391
-1.43945
-7.45312
-6.92188
5.29297
-4.12109
-21.9844
-5.83203
-22.7344
0.539551
-11.5547
-12.7422
20.8906
5.58594
14.4922
9.92969
11.1562
-0.811035
-2.97266
9.25781
0.71875
4.42969
7.50781
-1.33789
6.16797
-4.5
-7.40625
-9.32812
-12.3047
-8.35156
0.853027
5.00391
9.85938
4.375
-9.35938
-1.05469
-2.48633
-13.3047
13.3203
-6.26172
1.56445
7.66406
-12.875
5.17188
4.03906
1.0166
1.07324
19.1875
2.60547
0.977539
-14.1094
-2.01172
3.84766
-7.67188
17.0156
-12.6172
-0.466553
-3.91211
-7.65625
12.3906
-17.5469
14.8984
0.194336
-15.5
-9.83594
7.76172
0.295654
0.224121
-6.63672
-13.8281
20.1875
-10.0703
-7.58594
15.7031
-0.402588
-0.181885
8.96094
7.70312
-0.993652
-27.0312
7.125
12.9219
-5.37891
6.35938
12.6953
-1.39062
-3.87305
-11.5547
-1.86133
-9.27344
-7.83594
-8.04688
-8.05469
-10.2266
-2.40039
-5.82031
-4.04688
-1.81152
8.95312
5.01172
2.79492
-12.2891
-15.1953
2.80469
5.09375
14.7969
-8.625
-7.89062
1.57129
-4.82031
-4.52734
8.17969
1.7666
2.30273
-1.01855
1.18066
0.234497
4.97266
-4.375
4.71094
-8.03125
-5.03906
-5.69141
-0.901855
-5.25
6.10938
-1.12598
-9.42969
-4.81641
-5.0625
4.83594
2.5625
-4.00781
-7.19141
7.08203
-0.833984
-7.23828
-8.3125
1
-3.74023
-7.16406
-0.695801
10.6953
0.663086
-4.81641
-2.98633
-7.56641
15.1094
-7.14062
-4.66016
-7.63672
1.75195
7.70703
2.41016
3.28125
9
-3.9043
3.00391
0.401123
-4.94531
-6.76172
-12.4062
-1.80078
-10.6016
6.01562
-2.12891
-8.57812
6.15625
-8.86719
5.5625
3.44922
9.91406
-10.4141
7.55469
-6.89844
-1.98242
7.82422
2.74414
-6.74219
-2.82422
-7.625
-3.54102
-0.982422
3.25391
-1.57812
-7.98828
-10.7344
6.26172
7.30078
9.88281
7.79297
-2.33789
4.9375
-10.3672
6.49219
-3.88867
-3.99609
-7.83203
0.6875
13.0234
8.14844
2.33594
7.90625
-10.0859
4.60156
-7.71094
11.5156
-1.79883
20.3125
2.81641
-2.71875
-7.04297
-5.88672
1.23535
3.11523
1.16699
-11.6797
2.21875
1.26465
9.95312
5.75781
11.6016
0.806152
-7.32812
-7.75781
-10.5938
-5.53516
-3.03125
-5.8125
5.875
5.10938
0.0235138
-7.57422
7.35938
-6.60156
1.37012
-3.9082
4.08594
7.78906
12.4219
-3.92188
-0.757324
-9.02344
9.19531
-6.69922
-2.03125
-6.46094
7.07031
6.70703
3.90234
11.3828
-5.43359
3.13281
-5.09766
0.720215
-17.7812
3.16797
3.2793
-0.311523
-8.67969
-2.71484
-13.9219
-2.41016
-5.39062
4.53125
8.07812
-0.469238
-9.39062
-11.5547
-6.28125
-2.44141
-7.94531
2.94336
-1.7832
-2.58203
6.42578
7.66016
-9.14062
3.68359
5.70703
-5.81641
1.73633
-10.7422
13.2266
6.71094
-4.53125
-1.50977
-16.0312
-5.10938
0.563965
4.72266
7.53516
-0.18689
-17.3438
9.65625
9.71094
4.02734
11.1406
-3.30664
0.896484
11.2578
-8.125
8.60156
-2.87695
6.34375
7.97656
-2.39844
-8.42188
-10.9531
7.46484
-0.129395
-4.83984
-6.64844
-1.60742
1.09473
-4.46875
-3.60352
-7.61719
-4.35938
-3.81641
-3.16992
5.27734
-10.6016
-3.98242
1.64551
-3.96875
-0.722656
3.01367
6.62109
3.22852
-17.7031
4.92969
-2.5918
14.1641
10.0078
14.2656
-2.42969
-7.25781
-2.82422
5.75781
-2.93555
7.33594
18.1875
0.110657
7.49219
6.99219
5.17969
4.51953
6.10156
10.6953
7.20312
-4.55469
7.03125
16.8906
3.67773
0.0806885
-5.58984
1.19141
6.30078
-14.4609
-9.05469
4.76953
-10.5234
7.98047
-0.26123
0.523926
1.76367
-8.26562
-4.84375
4.13281
-0.749023
-6.70312
12.6484
-0.664551
-3.84766
-14.375
9.84375
13.5156
-6.58594
5.70703
-6.17188
-20.2969
-12.9219
3.67773
-3.20508
2.09375
0.0415649
4.64844
3.03125
-9.90625
6.90625
7.29297
8.26562
12.4141
3.66016
2.03516
2.5918
-1.68457
11.8359
-8.25
5.79688
8.33594
0.105774
-6.11719
-9.07031
-0.359375
-2.26562
-0.973145
-4.32812
6.22266
2.60352
-1.26758
-2.55664
-2.68945
5.30859
2.99805
-9.77344
9.55469
2.08984
-2.77344
3.23438
2.28711
7.73438
2.4043
0.221924
1.70508
-10.3281
14.1406
8.35938
9.60938
9.4375
2.24219
0.210815
-11.8281
2.1582
1.9707
-4.03125
7.25
11.5547
-9.19531
8.55469
8.96094
-2.05273
-1.21777
9.99219
3.02148
3.29492
-2.96289
9.53906
14.2812
8.17969
-7.74219
-5.76953
4.71094
-4.28516
-5.5625
-9.11719
6.78516
-0.526367
16.8594
2.34375
1.65332
2.37695
2.23242
5.66406
2.70508
0.991699
-6.06641
7.96094
8.15625
-2.49219
-7.40234
8.58594
11.9922
1.28125
8.40625
-6.86328
-15.2031
-12.1406
0.4021
-2.0918
4.72266
0.338135
-1.31641
-5.91797
-7.16406
5.79688
6.89453
0.539551
-3.62695
13.0156
-0.466309
-1.20508
-1.07715
14.75
-3.38867
2.52148
8.8125
0.935059
-6.95312
-4.88672
1.64746
-0.291016
3.22266
4.84766
7.60156
1.82617
-5.41797
7.48828
-8.33594
6.78516
-2.92578
-8.33594
4.5
-2.85547
-9.33594
-1.16309
3.91406
9.30469
3.38672
-1.93555
-1.0293
-19.7969
15.0547
9.80469
4.44141
8.76562
0.58252
-1.17285
-11.5938
8.72656
4.56641
-2.35352
6.75
8.05469
-6.60938
-0.127808
2.12891
-4.72656
-2.89844
6.45703
6.69922
4.46094
-1.56543
3.59375
6.61719
4.07031
-11.3984
-2.63477
3.42969
-2.05859
2.30078
-4.61719
0.575195
-0.187866
13.0625
2.75
2.5332
2.64453
3.24805
-2.24609
0.599609
6.19531
-6.69922
12.4844
5.92578
0.505371
2.15625
8.03906
7.08203
0.277588
10.3047
-2.7207
-10.125
-1.71582
-2.23828
-0.523438
-0.557617
2.02734
-1.92969
-11.6484
-4.78125
4.36328
2.45312
-3.60742
-7.04297
11.3359
-2.16797
-3.52734
-0.499023
14.0625
-2.93164
2.17383
7.64844
3.21289
-7.49609
-3.7207
0.443848
-1.87988
0.609375
2.75
7.04688
-1.53711
-1.69043
5.60547
-6.23828
7.25
-0.215088
-6.15625
1.39453
0.681152
-5.91406
1.52832
2.57031
5.61328
8.35938
0.265381
-0.802246
-12.3047
14.2812
6.07812
6.65234
8.76562
0.986328
0.311035
-13.0938
7.75
5.46484
-1.72852
6.05859
9.97656
-9.22656
2.29297
5.38281
1.37305
-1.43848
9.5
6.78125
4.69141
-1.375
9.21094
9.78906
4.10547
-11.8281
-3.86719
4.33203
-2.32422
2.34961
-3.95898
-0.383545
-3.52148
9.15625
3.37695
2.65039
-1.07324
1.00488
-2.45898
-1.57031
4.77344
-7.02734
8.86719
9.29688
3.07812
2.20898
9.79688
8.47656
0.868164
9.19531
-1.30762
-2.97266
0.492432
0.512695
2.4375
-0.255127
2.24219
2.41211
-10.4922
0.220215
10.4453
5.38672
-3.10352
-5.61328
-0.892578
1.41113
2.18359
-5.66797
9.32031
-5.41016
5.74219
7.57812
-1.65918
-11.6094
-3.57812
-0.936523
-2.63281
-0.931641
-3.31445
3.67969
-2.23242
-1.50293
4.46094
0.400391
14.6172
5.14062
-7.07422
3.27344
7.41406
-8.875
-2.32812
0.0827637
6.61328
1.70703
-0.861816
-2.92969
-7.51172
12.4141
2.8418
11.0234
1.86328
0.821777
4.09375
-12.7891
0.17688
-1.33789
-5.91797
9.625
13.6953
-4.86328
9.125
5.21875
0.22522
-0.529297
9.1875
7.16797
6.14844
3.46875
9.03125
9.07031
8.08594
-11.1719
-5.75391
5.73828
-0.265869
-3.36719
-7.30078
3.51953
-12.3828
13.375
3.01562
2.91406
4.17578
1.60352
4.66016
2.63672
-0.868164
-0.330566
2.39648
10.6484
-1.8623
-0.218018
10.3281
6.72266
1.41211
3.21289
-3.90039
-9.45312
-4.1875
2.70898
6.46875
3.05664
0.92334
-0.772949
-10.3984
-10.6406
7.38281
5.60938
-2.19922
1.56445
-7.91406
-4.01953
13.5703
-5.45312
13.4531
9.75781
11.1953
7.78906
-5.05859
-9.38281
-2.72461
1.0127
-1.43652
2.2793
-8.36719
-1.33984
1.97266
-4.80078
0.465576
-9.49219
0.391846
4.53516
0.659668
3.14453
-8.53906
-5.71484
-1.99121
-11.1953
5.92969
4.92969
2.47852
4.62109
-11.4297
4.69922
-1.54297
9.67969
2.08008
18.1875
1.70605
-4.66016
4.78125
7.19141
-1.3916
8.90625
18.5156
-1.37012
-0.532715
9.50781
7.60547
16.4375
7.53906
12.5859
5.35938
-1.94043
7.26953
12.6875
2.01953
1.02051
-5.54688
-2.67773
17.3281
-11.6328
-14.3125
3.24609
-15.6953
2.58008
-1.1582
7.36328
3.2832
-4.50781
0.966797
2.4375
-10.2109
-5.61719
6.44922
2.60938
4.07031
-11.5312
9.71875
12.6172
-5.88281
-2.81641
-1.97656
-17.5
-5.1875
2.43945
6.26953
0.561523
-3.61523
2.87109
2.89844
-13.3984
3.28906
3.08398
6.28906
17.9375
-8.6875
-7.01562
6.73438
-7.42969
2.17578
2.86523
8.25
2.76367
-4.51562
-6.875
5.51562
4.00391
-3.58398
11.3281
-13.2969
7.78125
-5.28906
8.02344
-0.518066
5.04297
5.00781
-10.125
-2.79883
-6.44922
4.80859
6.68359
-2.23633
0.202148
11.8281
1.27441
-3.43555
2.45312
-0.486084
-5.50391
-11.1719
0.5625
10.5469
5.20312
-9.13281
7.00781
-6.78125
15.7891
-9.97656
-2.77148
-10.5781
-0.260254
4.63281
2.60742
10.4609
1.08301
4.57422
2.34961
-4.07031
-10.1797
-11.8906
-1.62305
-3.65625
5.80078
-2.375
-10.4141
-1.10938
6.61328
-8.75781
-3.08398
4.34766
4.70703
-9.75
3.25391
-2.54688
-2.99609
8.71094
4.32031
-7.14453
-2.5
-4.74219
-5.28906
-0.890625
7.39844
-0.643555
1.47559
-13.9141
5.47266
8.0625
3.64844
10.9297
-9.98438
10.7344
-2.99023
10.1875
-4.16406
-4.32422
-13.3594
4.14062
-0.319092
3.31641
10.7188
5.80078
-5.57031
-1.97949
-4.62891
-0.930176
1.83008
4.16016
0.352051
1.8291
-12.0078
-2.86719
-1.78516
1.78418
5.69531
-13.9766
0.442627
-1.69824
4.08984
-2.07031
9.21094
-1.64844
-2.01367
-3.44922
-4.01562
4.64844
-4.67578
-2.75977
-1.93359
3.5957
1.99414
-12.7188
-0.746094
-0.92334
4.82422
-2.20312
-5.08984
11.6328
9.04688
1.08008
4.23438
-2.16406
11.3281
-1.3877
0.944336
-10.0078
6.35938
7.21094
11.3438
13.2031
1.55957
10.6875
-1.05859
7.27344
-10.4766
2.49023
-4.58594
-4.8125
1.4502
3.29492
-6.375
-1.76758
-2.86914
-0.668945
-0.0883179
-7.49609
-4.73438
-11.8438
-2.70898
-6.34375
0.63916
4.07812
1.76172
0.10498
-2.19727
-3.59375
1.7373
1.87305
3.4707
0.775391
-3.73047
-10.0859
16.8594
2.14453
0.585449
5.45312
-10.0625
-5.4375
0.826172
4.90234
3.64062
-2.99609
-4.37891
5.27734
-0.0819092
1.34668
10.0156
10.7656
-4.00781
-1.25
-7.08594
-5.35156
-4.90234
5.69141
4.91016
3.32227
-8.16406
0.500977
-5.15234
-3.15234
-0.70166
-6.22656
-5.66016
5.22656
3.03711
3.52734
8.15625
-4.54297
0.95459
-4.625
-7.83984
4.14062
-2.80664
7.89453
4.02734
-4.03516
3.05469
-10.8828
3.91211
-1.90918
5.5625
7.33203
0.967773
3.82617
4.57031
3.56445
5.05469
-4.63281
5.23047
3.39258
0.179321
-5.82812
21.1875
10.0078
12.0703
5.16016
4.24609
13.1875
8.53906
8.08594
0.0841675
7.25391
-5.91797
-0.597656
2.25
10.7812
-2.17383
2.70898
-7.05078
0.0297394
0.018631
-8.42969
3.61523
-0.916016
0.0762939
-9.05469
3.11133
-6.19922
-5.44531
0.958496
-5.16797
0.654785
4.87891
1.01465
0.776367
5.83594
2.10352
-0.423584
10.3984
1.93555
-3.0918
-2.10547
-3.47656
-5.77344
-5.73438
-5.80859
1.96875
1.25781
1.01074
0.146484
12.1484
-7.90625
6.33203
8.17188
-6.56641
2.13477
-5.51562
2.33398
-7.14453
2.10352
4.11719
-0.510254
-5.13281
-2.95703
-1.71973
-1.48438
2.47266
-3.33203
-2.79688
8.46094
-3.83984
0.114685
6.35938
1.52832
2.49609
-4.98047
-8.80469
3.875
-2.95117
9.02344
2.83008
-6.75
1.71484
-5.95703
4.01953
-2.60547
4.69531
13.0391
0.0272064
3.08984
-3.58789
-0.622559
-3.29688
-6.71094
5.21484
-1.99609
0.835449
-7.29688
19.1562
10.6719
8.89062
3.00195
-1.60547
10.8203
4.78906
3.16211
-2.30859
1.40625
-8.64844
-2.01367
1.03027
7.83984
0.628418
3.50977
-1.04492
-1.57715
0.887207
-3.58398
-3.13867
-3.19531
-6.33984
-4
0.150391
-5.25781
-7.05078
7.74609
-1.89062
3.03516
5.98047
0.210815
5.60938
2.88281
2.71094
3.29688
10.3438
-0.654785
4.26562
-1.88281
-2.77344
-6.18359
-5.37109
0.399658
0.828613
-2.08203
-3.41797
2.20898
11.8594
-10.375
0.689453
8.69531
-5.78516
2.19531
-5.86328
1.06055
-8.58594
1.75781
3.35742
-0.991211
0.64502
-4.09766
-0.92627
-2.06055
-1.97754
5.68359
-1.56738
9.03125
-9.39844
-0.0186005
3.77539
1.0752
-3.10547
-9.74219
-8.14844
3.48438
-9.60156
4.73047
1.03711
-3.9668
-1.28516
-5.07422
9.02344
-5.46875
5.01562
8.90625
-3.57031
3.08984
-2.36328
-3.90234
-4.6875
-7.70312
4.32812
-2.87891
0.12207
-8.28125
21.9375
9.57812
4.62891
0.654297
-4.85156
2.28906
1.51465
2.30859
-7.48047
-2.42773
-12.4297
-2.06641
2.93945
1.58691
1.36914
1.79199
-0.223511
-1.48145
1.35742
-11.4609
-9.09375
-4.96875
-9.42188
4.48438
3.78906
-6.70703
-7.30078
11.9141
-0.0211029
1.33789
8.61719
-1.65723
3.23047
2.01172
0.489014
1.19336
13.0625
-0.0844727
3.82031
0.281494
-3.5
-7.65625
-4.30078
3.05859
-1.48633
-2.55273
-2.39258
6.39844
7.1875
-8.85938
4.36719
15.7109
-2.17578
-1.56738
-7.95703
-0.178101
-15.9688
-0.74707
2.0957
-1.73926
-5.33984
-5.63672
-1.39258
-2.47656
1.93457
-4.02734
-1.43652
4.54297
-2.33594
-2.15625
8.65625
-1.34082
-0.814941
-7.76953
-10.1016
6.26562
-2.80664
7.37109
-0.000759125
-1.9502
0.549805
-9.42188
4.86719
-4.99219
7.4375
8.21875
-3.89258
4.92969
-1.41504
-1.24121
2.94336
-8.4375
2.86523
3.00391
-3.62891
-7.55469
20.5
12.0391
8.30469
4.14453
-1.55859
5.17188
3.98633
8.72656
-2.62109
4.1875
-11.1484
-3.77734
0.742188
0.637207
-2.96289
0.00924683
-2.1875
-0.818848
0.839844
-5.63672
0.893555
-2.32422
-10.1172
-6.07031
5.75781
-7.78125
-6.1875
8.30469
0.330078
-1.38477
10.0781
-2.84375
5.22266
1.49414
2.9375
2.23633
9.66406
0.729004
3.00195
3.47266
-2.40234
-4.80078
-5.99219
2.21875
0.187256
-4.58594
-2.11133
7.02734
8.8125
-7.42969
5.08203
10.3359
-4.80078
2.27148
-5.89844
1.12305
-7.48438
-2.81445
2.82617
-3.59375
-1.73242
-0.552734
-2.07617
-2.61914
2.24805
-3.60742
-2.56641
12.1875
-3.6582
4.37891
13.1016
4.33594
3.38477
-4.84375
-7.94141
5.87891
-3.2168
7.07812
-0.237061
-3.58984
-1.57031
-11.7188
7.36328
-3.65234
6.66016
9.70312
-3.42969
3.05273
-0.980469
2.63281
0.0397949
-8.22656
2.34375
1.67773
-1.90527
-10.0312
20.6719
8.53906
3.47852
1.35352
-3.78906
2.76172
4.73828
7.57031
1.97754
13.1641
-15.8359
-2.95703
1.69922
2.23828
2.33008
0.88916
2.07031
2.63281
6.10938
-6.90234
8.71094
-2.09766
-9.16406
-3.63477
1.3877
-6.66016
-5.68359
8.28125
-3.73047
0.198486
8.66406
-1.15234
6.38672
3.2832
1.57324
-0.266357
5.43359
1.39258
5.53516
0.28833
-9.47656
-2.9707
-5.91406
-1.4248
-0.349365
-1.9502
-3.91406
4.00391
13.6406
-12.8438
3.2168
4.28906
-13.0234
9.03125
-7.05469
0.661621
2.50391
2.89844
9.0625
1.5957
1.70312
-1.02148
-2.29297
-8.45312
1.35938
-6.83203
-9.9375
11.8906
3.05859
5.41797
11.6328
4.48438
3.19922
-1.75684
-5.87891
3.54883
-2.02148
7.20312
-0.849609
-4.17578
-2.17773
-10.3594
7.49609
-0.602051
3.74414
4.05078
1.20605
2.40234
8.67969
5.61328
-2.8418
-7.49609
5.83203
-1.66211
-1.73926
-4.50781
19.7812
13.4922
7.78516
5.13672
8.07812
4.60938
7.49609
11.0781
-0.275146
7.5625
-11.1641
4.21484
-1.28223
15.1719
7.02734
7.36719
-5.75781
3.77539
7.26953
-7.15234
7.35547
3.61719
-4.53125
-6.52734
0.0499268
-1.60254
-6.60547
-1.4873
-0.363281
-0.997559
-2.19922
6.62891
3.69531
5.35547
-0.68457
0.626953
2.64453
-2.71484
4.55469
-3.7168
-13.4062
-6.46094
-9.19531
-4.64844
0.830078
6.59375
-1.94922
-2.12109
19.1875
-17.0312
11.4922
-5.08594
-11.6172
2.77734
-4.38672
4
4.73828
-3.13867
2.33008
-1.87305
-6.15625
3.74219
1.4502
-5.41406
6.88281
-8.32812
5.08203
1.84375
17.6719
4.3125
9.35938
7.03906
-15.2266
5.09375
-3.98047
7.73828
6.64844
-3.69336
-2.73047
3.61328
0.0447998
-6.77734
2.57422
-2.67969
-2.49219
-11.3438
-0.742676
14.4219
8.83594
-4.82031
4.88281
-5.02344
17.2031
-4.17969
0.930664
-13.4062
-0.585938
6.45703
5.93359
7.46484
-4.55469
-1.69434
1.51953
-2.58398
-9.8125
-18.7031
-7.61719
2.17773
2.25781
7.84766
-2.76758
2.62305
1.12793
-6.11719
4.66797
-1.31055
11.7109
-5.23828
-0.980957
-4.85938
-2.05664
3.19531
4.23047
-7.89453
2.01758
-5.90234
-10.9609
-3.125
6.48047
-0.499023
-0.465088
-8.82031
5.51172
-3.41211
2.7832
13.8203
-13.6328
5.13281
-5.73828
4.07812
-6.83203
-2.84961
-6.45312
6.41797
2.32031
-3.10156
8.58594
-15.6484
-6.33203
-0.157227
-11.625
-2.79297
2.69922
5.98828
6.08203
-3.62305
-5.59766
1.77734
2.42969
2.17188
7.21484
-13.1953
3.56055
-5.46094
7.5
11.375
12.0234
5.79297
-8.71094
5.12109
-5.56641
3.80078
1.0918
-2.50977
-8.70312
-0.426025
0.197754
0.836914
1.81543
-5.61719
-1.34766
-13.4062
-7.39844
3.7832
19.9688
9.32031
4.03125
-8.13281
13.8594
-12.8828
-9.24219
5.08203
-14.0469
10
10.9531
17.8906
-7.9375
12.2734
-7.89453
2.46875
-17.7812
2.6543
-4.16406
-3.43555
10.9297
-9.03906
-4.61328
-3.39062
1.64648
5.91797
4.50781
8.57812
-9.60156
-19.8438
-9.23438
-7.79297
2.87109
-2.12305
-15.625
4.89844
-1.09473
-2.10156
-9.39062
12.5391
9.99219
-5.35547
4.19531
-16.0469
15.5156
-2.63281
5.96094
7.55078
-21.4375
-0.640137
9.35938
18.75
6.33984
-0.836426
-5.40625
11.4219
-4.63281
7.55078
-2.87305
-0.864258
-1.87012
-0.79541
-6.44922
-4.07812
-15.5781
-0.410889
4.11719
0.719238
-1
3.11914
3.26562
1.33496
0.713379
-3.75781
3.21484
-2.03906
2.34375
-1.11816
5.38672
0.633789
1.77441
-2.08984
-3.20117
5.61719
-2.69727
6.53906
-8.28906
0.629395
-3.98047
-2.83008
-4.60547
-5.89844
4.94531
-3.43555
-3.82617
5.27734
7.28125
1.3291
-3.29688
-3.03906
3.00977
1.10449
1.31836
5.17969
-0.790527
12.8906
8.69531
5.72656
5.02734
16.0156
2.04492
7.61328
-0.426758
7.21875
1.78809
3.41016
4.42969
-7.74609
4.33984
-0.304443
-5.58203
-1.60156
0.25708
1.31738
4.95703
0.945312
2.05078
-7.32031
1.15137
-5.45312
-2.44531
-3.62109
-2.57617
-0.029541
3.85547
1.57031
-2.13672
6.44531
-0.555664
0.546387
8.60156
-2.57812
-4.99609
0.389893
-9.36719
-4.25781
1.36816
2.18555
-0.192017
-3.72852
1.19629
4.51562
-0.35498
-1.13574
-1.85352
-1.85156
-3.01562
1.4375
-6.74219
-1.35254
-8.55469
1.37402
5.42578
-1.38281
2.64258
-0.0708008
4.04297
0.0809326
0.114197
-2.5918
4.78125
0.130005
1.92676
-1.35742
4.42188
3.49219
1.02344
-1.28516
-3.74805
3.05664
0.90332
1.6084
-4.91016
1.10547
-2.47656
-4.99219
-1.54883
-7.54297
1.90918
1.55566
-2.72656
5.36719
3.35938
-3.30078
-4.39844
-1.90234
7.6875
1.00586
2.86719
-0.124084
3.625
10.4141
6.625
1.30078
-0.675781
15.625
2.40039
2.81055
-1.91504
4.80469
-1.8877
1.12891
5.3125
-6.92188
3.36328
-3.95898
-0.539062
-4.18359
3.10742
0.461426
2.52734
1.26172
2.51758
-0.640625
2.25977
-4.71484
-1.25391
-0.577148
-3.59961
-5.67578
4.30469
2.00391
4.78906
6.82812
-1.36816
-0.914551
13.5781
-2.35156
0.0935669
1.10547
-7.95312
-4.12109
3.91016
2.43945
-0.713867
-8.85156
4.64062
6.59375
3.16992
-3.48047
0.361816
-1.46875
-2.77539
-1.40039
-6.31641
-2.67188
-16.2812
-0.450684
3.86133
-0.963867
4.29688
-2.55664
6.46484
-0.772461
-0.560547
1.0127
4.01562
0.994141
1.52246
-0.550293
0.301025
2.91406
2.99805
-0.482178
-2.99219
1.89844
2.54688
3.31836
-5.65234
0.913574
-3.86328
-1.83691
-3.10156
-4.13672
3.57812
0.297607
-4.16797
3.83398
2.19922
-2.38672
-7.06641
-2.91602
2.10352
1.08398
-0.576172
1.12988
2.91797
9.76562
7.65234
1.41992
2
14.1016
-0.69043
2.12891
-0.54248
4.48438
-0.723633
1.62402
4.42969
-7.80469
1.20605
-4.86719
-0.64209
-4.55469
1.86328
0.208374
-3.94727
2.44922
2.83984
-0.757324
2.8125
-4.05078
-2.87109
2.22852
-2.06641
-3.80273
6.35938
0.806641
1.80176
3.11328
-4.66797
0.270508
14.4844
-3.70508
1.55078
2.8125
-7.08594
-4.69141
4.55078
5.16016
-2.80859
-11.0312
3.80664
8.3125
1.12598
-2.26367
-1.01758
0.66748
-4.85156
-0.544434
-5.51562
-3.30664
-13.9062
-2.95117
5.8125
-0.902344
3.04297
-0.575684
6.12109
-0.591309
1.7627
0.371582
3.46094
-1.50977
-1.3916
-2.90625
0.106628
3.45898
2.53125
-1.13477
-4.98047
3.20117
2.43555
3.64648
-5.47656
0.0235138
-4.41016
-3.44141
-3.28125
-7.64844
3.31836
1.09375
-4.50391
5.8125
1.61426
-4.20312
-5.48047
-4.28125
4.94531
2.4082
2.01758
1.08789
6.1875
12.3594
6.64844
2.11328
-1.82422
13.6172
3.16797
2.69141
0.0739746
2.04297
-2.18945
0.287598
5.01953
-4.67969
4.9375
-5.61328
-0.298828
-1.89258
0.221436
0.933105
1.74316
1.67676
1.28223
-4.94922
2.82422
-5.69531
-3.95703
0.939941
0.921875
-2.9043
6.17578
0.957031
5
7.52734
-2.54883
2.72266
8.35156
-3.41602
2.57227
2.6582
-5.8125
-1.9248
2.50977
4.96875
-2.03711
-7.80469
0.358887
2.41211
0.647461
-5.80859
-3.71484
-5.48438
-1.31934
5.41797
-5.57422
5.51562
-7.24609
1.08203
5.46094
0.159912
-2.13672
-1.13379
5.91406
-0.382324
2.5
-4.26172
5.53125
2.2793
-1.8584
2.76172
2.91992
5.66016
3.21094
1.04492
-3.87695
6.94922
-1.78613
4.32812
-2.99219
4.84375
-1.06738
-1.68262
-5.23047
-4.26562
6.15625
3.88477
-1.2627
5.62109
-1.48633
-0.458984
-4.93359
-0.152222
3.74219
1.07617
6.98438
5.22656
-3.30859
8.13281
5.25391
4.67969
2.48047
17.2344
0.0794678
1.64551
1.67871
3.83398
4.07031
2.32617
1.98145
-5.19531
-0.439209
-2.98242
-0.625
-5.74219
2.23242
-0.33252
2.07031
-0.92041
3.47852
-2.55664
3.87891
0.0430298
-5.48438
1.13672
-0.737793
-3.57227
3.28516
4.17578
3.47266
4.74219
-2.37891
-0.447754
9.48438
-0.144043
4.10938
2.0957
-3.11914
-2.41992
2.69336
11.0391
-1.36523
-7.98438
5.0625
6.55469
-2.5957
-1.35059
-3.84766
-8.23438
-5.37891
4.25781
-7.89844
1.62598
-0.232788
-2.75195
6.52344
0.030777
-0.886719
1.06348
0.822754
-4.99609
2.23242
-3.63086
1.08398
6.47656
7.59766
0.482666
4.53516
2.49219
2.26367
1.37402
-9.47656
4.69141
1.73926
7.39062
-5.54688
3.42383
-1.72168
2.46289
2.9082
-5.29688
2.46094
-5.07422
-0.833984
5.04297
4.51172
-2.08789
-2.00586
-2.0957
3.42578
1.23633
-0.772949
4.12891
-0.51416
12.8359
8.85938
5.33984
4.29297
10.0234
2.62109
1.64746
-3.00195
3.44727
-1.00879
7.09766
5.40234
-8.8125
5.81641
-2.77148
-7.38281
-2.25781
3.85547
-1.77051
3.03125
-1.13086
-3.88086
-1.30566
0.943359
-3.66797
-2.48242
-3.04688
-5.71875
-2.16797
-2.83008
3.30859
-0.583984
5.09375
-2.11328
-0.146606
2.29688
-2.72656
-0.334961
-2.36133
-11.7266
-3.01367
3.17578
5.9375
-1.33984
-2.10352
0.33374
1.95312
-1.29395
-8.5625
1.67773
-18.6562
-8.1875
5.33594
-17.3125
0.535156
5.70703
0.524414
3.65039
-10.3984
-11.6953
3.2207
5.13281
-2.06836
10.8125
-12.9375
4.66797
1.7373
17.625
7.50781
22.6406
8.40625
-24.5312
0.118958
1.47949
14.7344
12.2109
1.07812
-9.53125
6.875
1.44727
1.81934
10.2656
-3.58789
-6.49609
-14.7266
-8.125
5.83984
16.5156
-9.4375
11.4375
-9.24219
24.0781
-18.3438
-12.2031
-1.91992
-8.32031
12.1562
6.26562
19.25
-13.8906
2.45117
3.79102
5.71094
-21.8906
-11.4609
-6.79688
2.74609
10.1172
-8.76562
-0.432373
0.413818
0.597656
0.730957
8.98438
13.1562
11.9141
-22.0938
-8.74219
3.08203
3.86133
-2.34961
-13.2266
6.36328
-0.737305
-9.79688
-12.25
2.42773
12.2109
-1.89258
10.1094
-14.5938
13.3672
0.0103531
1.40137
22.1719
-21.7812
2.13281
11.0859
20.875
3.25977
1.88965
-8.17969
10.1562
-2.80469
6.90234
7.14062
