12.8828
12.8047
20.4531
28.3125
32.5312
32.875
33.0312
33.4062
33.6562
33.8125
34.0312
34.5312
35.2812
37
39.5625
43.5625
48.0938
49.4375
8.71875
11.8359
24.2656
35.4062
40.75
40.0938
39.8438
40.625
40.875
41.125
41.5
42.0938
42.9062
45.5938
50.1562
57.4062
65.1875
67.5625
8.42188
12.1797
24.9844
35.0938
38.75
35.5625
35.125
36.4688
36.4062
36.4062
36.7188
37.0312
37.2188
40.4062
46.6875
56.9688
66
69.3125
8.73438
13.1641
26.2812
35.7812
38.5625
33.2812
32.5
34.6562
34.7812
34.5625
34.4688
34.5938
34.9375
38.5625
45.9688
57.5938
67.1875
70.375
8.5
13.1562
26.1562
35.75
38.9375
33.0625
32.1562
35.0312
35.6562
35.4688
35.125
35.2812
35.8125
39.4688
47.125
58.75
69.8125
73.4375
8.25781
13.5938
26.7969
36.75
40.0625
34.3438
33.6562
36.8438
37.7188
37.8125
37.5625
37.8125
38.0625
41
48.5312
59.8438
71.8125
76.25
8.04688
13.6875
26.9219
36.5312
39.7812
34
33.4688
36.625
37.5625
37.7812
37.5938
37.8125
37.7188
40.3125
48.1562
59.625
71.5
76.5625
8.08594
13.4453
26.7031
35.5625
38.8125
33.0625
32.2812
35.1562
36
36.1875
35.9375
36.375
36.4062
38.8438
46.4062
57.75
69.6875
75.5
8.27344
13.4453
26.6406
35.125
38.5
33
32.25
34.9375
35.6875
35.6562
35.3438
35.8438
36.125
38.5
45.625
56.7188
69
75.125
8.34375
13.5234
26.7969
35.4062
38.8438
33.4688
32.75
35.4375
36.0938
36.0625
35.6875
36.2188
36.5312
38.875
45.75
56.7812
69.3125
75.5625
8.29688
13.4453
27.0469
35.875
39.7188
34.0312
33.1562
35.8125
36.4062
36.3438
36
36.5312
36.8125
39.1562
45.9375
56.875
69.6875
76.0625
8.32031
13.3594
27.6094
36.875
41.375
35.4375
33.9688
36.625
37.2188
37.0625
36.7188
37.2188
37.5
39.625
46.2812
56.9062
69.8125
76.4375
8.3125
13.3984
28.25
37.9688
43.4375
37.7188
34.9688
37.3438
37.8125
37.625
37.3125
37.75
37.9375
40
46.75
57.1562
69.6875
76.875
8.33594
13.4297
28.375
38.0625
44.0938
38.6875
35.1875
36.9375
37.1875
36.9688
36.7812
37.0312
37.375
39.9375
47.2812
57.4688
68.9375
76.1875
8.6875
13.7891
28.6406
37.7188
43.125
37.7188
33.8438
34.4062
34.0938
33.8125
33.6875
34.0312
34.125
37.0938
45.7812
56.7188
66.5
73
10.1016
15.25
29.5312
38.125
43.0312
38.375
34.0938
33.3125
32.4062
32.1562
32.2188
32.6562
32.4688
35.0938
44.1875
55.7188
64.3125
70.25
11.7734
16.5938
30.1094
38.8125
43.8125
41.0312
37.0625
35.5
34.4688
34.2812
34.375
34.6875
34.4375
36.2188
44.0312
54.8125
63.0938
68.1875
15.4297
18.7656
27.8594
34.8438
39.1562
37.5625
34.875
33.4688
32.6562
32.5938
32.625
32.9375
33.0625
34.3125
39.6562
46.7812
52.9375
54.4688
16.375
14.1484
14.0391
14.0391
13.9531
14.0469
14.2656
14.3984
14.5391
14.6406
14.5469
14.2578
14.0703
14.125
14.1172
14.2422
14.9609
17.8281
17.125
20.4844
22.3594
22.3438
22.6094
23.5
24.0938
23.6875
23.7188
23.7969
23.8281
23.8281
23.2656
22.9531
21.8594
20.5625
19.3281
19.1094
23.25
30.8438
31.8594
30.9688
31.5312
32.625
32.5
31.5938
31.3906
31.2344
31.1719
31.1719
30.5781
30.2969
29.75
29.2812
29.4688
27.7812
22.8125
28.5156
26.0469
22.7812
21.875
22.8906
22.7656
21.3906
20.7969
20.3594
20.1406
20.0625
20.1562
20.8906
21.3125
21.8906
24.7188
25.4219
21.9844
27.8594
25.0156
20.3906
18.7656
20.5156
21.0469
19.7031
19.1094
18.75
18.625
18.5625
19
19.7188
20.125
19.3594
21.2031
22.8125
22.6562
30.2344
28.9375
25.4531
25.0781
27.6719
28.5625
27.3125
26.7812
26.4844
26.2656
26.2188
26.6094
26.75
25.9219
24
24.6719
25.6875
24.3438
33.5
32.9375
29.3594
29.4062
33.1562
34.6562
33.6562
33.625
33.7188
33.375
33.2188
33.9375
34.0938
32.7188
31.0312
31.375
30.8438
25.3594
34.875
33.8125
29.7812
29.5625
33.5
35.4688
34.8438
34.9062
34.875
34.5938
34.5312
35.6875
36.5312
35.2812
33.2188
33.3438
32.5
25.3906
34.9375
33.5938
29.1875
28.6719
32.4688
34.625
34
34
33.9062
33.6562
33.7188
35.1875
36.6875
35.875
33.9375
34.1562
33.0938
25.1562
34.625
33.375
29.1406
28.6719
32.2812
34.3125
33.5
33.2812
33.0938
33.0312
33.2812
34.7812
36.3125
35.75
34.0938
34.1875
32.9688
25.0781
34.2812
33.375
29.6094
29.2812
32.9062
34.7188
33.8438
33.5938
33.4375
33.3125
33.5
34.9688
36.5
36
34.2812
33.8438
32.4375
25.1719
34.375
33.9688
30.5469
30.3594
34.5938
36.7188
35.9375
35.6562
35.4375
35.3438
35.5
36.9375
38.25
37.4375
35.2812
33.9062
31.9844
26.0469
35.5312
35
31.0938
30.1719
34.5
37.0625
36.4688
36.0938
35.875
35.875
36.1875
37.75
39.3125
38.4688
35.875
33.7812
31.4062
29.2656
40.6562
41
37.6562
36.375
39.7812
42.1875
41.7812
41.3438
41.125
41.0625
41.25
42.4688
43.875
42.75
40.3125
37.9375
34.5312
34.0312
47.4375
49.0312
47.5
46.8125
49.4688
51.6875
51.375
51.0938
50.875
50.875
51.1562
51.9375
52.375
50.6875
48.625
46.3125
41
38.0625
52.7188
54.5938
54.0312
54.2812
57.5625
59.9375
60.0938
60.2188
60.0938
60.0312
60.0312
60.375
60.25
58.0312
55.0625
51.9062
44.7812
41.4688
56.9688
57.3125
57.0938
58.7812
62.1875
64.5625
64.8125
65
64.875
64.5
64.25
64.6875
65
63.3125
59.375
55.4375
47.0312
41.75
60.375
62.5312
63.2812
64.75
67
68.4375
68.3125
68.125
67.75
67.3125
67.125
67.8125
68.4375
67.4375
63.9062
60.3125
49.9375
44.875
40.875
33.8125
31.3906
32.2812
31.9688
30.5938
30.6406
31.2344
31.6406
31.8594
31.9531
30.375
26.5
22.7188
21.5
24.0469
19.875
59.6875
52.5625
42.125
37.5938
38.7812
38.2812
36.1875
36.1562
37.1562
37.8125
38.2188
38.6875
37.0625
31.5312
24.9844
21.1719
24.2812
19.0625
59.125
49.7812
39.625
34.9375
36.0938
35.4062
32.375
31.8594
32.6875
33.25
33.5
34.375
33.7812
28.625
21.0312
15.4141
18.6094
15.4453
60.2812
51.0938
42.125
37.4688
39.1875
38.7188
35.1562
34.3125
34.8125
35.375
35.4375
36.3438
35.7812
30.4219
21.6875
14.3047
16.6719
14.0312
62.25
53.4062
45.0625
40.0938
41.8125
41.1875
37.3125
36.1562
36.4062
37.0625
37.1875
38.25
37.4688
31.7812
22.8594
15.5312
17.3438
13.625
63.125
54.1562
46.5
41.0625
42.5625
41.375
36.75
35.375
35.4375
36.125
36.4375
37.75
37.4062
31.8125
23.2969
16.3594
18.4375
13.4766
62.7188
53.0625
45.2812
40.0625
41.5938
40.875
35.9062
34.3125
34.3438
34.9688
35.3125
36.9062
37.0312
31.3438
22.8906
15.8906
18.1094
12.8906
62
52.125
44.2188
40.1562
41.75
41.25
36.375
34.6875
34.6562
35.3438
35.6875
37.4062
37.7188
31.7031
23.0312
16.0312
17.8438
12.5547
61.7812
51.875
44.0625
40.5625
42.0938
41.625
36.7812
35.0625
35
35.7188
36.0625
37.9375
38.2812
32.125
23.4375
16.5469
18.1094
12.5625
61.9688
52.125
44.4375
41.0938
42.5625
42.125
37.2188
35.5
35.4375
36.1562
36.4688
38.4062
38.7188
32.4688
23.9062
16.9062
18.4531
12.7109
62.375
52.7188
44.875
41.0938
42.7188
42.4688
37.375
35.75
35.6875
36.4062
36.7188
38.5312
38.6875
32.375
24.0469
16.9688
18.5312
12.6328
63.4688
54.1875
45.8438
41.4375
42.6562
42.3125
37.3125
35.75
35.625
36.3438
36.6875
38.2812
38.2812
32.0625
24.0469
17.0312
18.625
12.4609
65
56.3438
47.8125
43.0938
42.9062
41.9375
37.1562
35.9375
35.7812
36.375
36.5625
37.875
37.875
32.1562
24.7031
17.9688
19.3281
12.5312
65.5
57.1875
48.5938
44
42.3125
41.3438
36.7188
35.8125
35.7812
36.1875
36.3438
37.3125
37.2812
32.125
25.4219
19.0156
20.2188
12.75
64.5
55.9375
46.1562
42
40.25
39.7812
35.25
34.8438
35.1562
35.6562
35.75
36.1875
36.4688
32.1562
25.5156
19.6562
20.875
13.125
64.1875
56
44.875
39.9688
38.1875
37.9688
34.1562
34.375
35.125
35.6562
35.8125
36.0625
36.5625
33.4062
27.3594
22.5938
23.2969
14.5703
63.4688
57.375
46.6875
41.1562
38.5312
38.4688
36.0938
36.7188
37.5938
38.1562
38.2188
38.3438
38.5
36.4062
32.0312
28.6094
27.5781
16.9844
50.0938
47.5
41
36.5312
34.1562
34.25
32.9062
33.25
33.7188
34.0625
34.1562
34.25
34.2188
32.9375
30.3125
28.625
27.375
19.7656
41.125
55.5625
52.4688
48.0312
44.5625
44.1875
45.375
45.0625
44.6562
44.375
44.3125
44.9062
46.4062
47.7812
47.3125
45.3125
44.4688
36.8125
47.7188
62.4375
58.125
53.9688
50.5312
49.9062
50.9375
50.4062
49.9375
49.5
49.2188
49.625
51.3438
52.9688
51.75
48.3438
47.2188
39.6875
44.4375
58.3125
54.625
51
48.1562
47.875
48.9062
47.9688
47.625
47.4688
47.4375
48.0312
49.375
50.125
47.5625
42.1875
39.1875
32.25
43.25
57.8438
55.0938
52.25
50.375
50.1562
50.375
49.1562
48.7812
48.7812
49.0625
49.875
50.8125
50.7812
47.8125
42.3125
39.3125
32.75
41.25
54.875
51.3438
47.5312
45.1562
44.2812
44.0312
42.6875
42.3438
42.25
42.4062
43.0312
43.7812
44
41.8125
37.7188
36.5625
31.0781
38.9062
50.7812
45.7188
40.0312
36.2188
35
35.1562
34.0625
33.9375
33.8125
34
34.625
35.4375
35.9375
34.2188
30.0312
29.2031
25.5312
37.625
48.625
43.0625
36.6875
32.5938
31.0156
31.125
30.125
29.8906
29.6719
30.0156
30.6562
31.3281
31.7656
29.9531
25.375
25.125
23.0312
37.0625
48.1875
42.6875
36.0312
32.1875
31.0156
30.9688
29.6719
29.2969
29.125
29.5156
30.2344
31.0156
31.3281
29.7188
25.8281
25.9531
23.7969
37.0312
48.2188
42.5
35.6562
31.875
30.8594
30.8438
29.5781
29.2188
29.1094
29.5625
30.2812
31.0938
31.2656
29.5938
25.6875
25.7812
23.6875
37.0625
48.2188
42.1875
35.0625
31.0625
30.125
30.1719
28.875
28.6094
28.5469
29.0156
29.6719
30.6094
30.8438
29.1719
25.2812
25.4219
23.3438
36.5312
47.4688
41.2812
34.125
30.0469
28.9688
29.0469
27.6719
27.2812
27.1094
27.6562
28.4375
29.5156
29.9375
28.3906
24.7656
24.9531
22.9688
34.875
45.2812
39.625
33.2812
29.7344
28.0312
27.7344
26.2188
25.8281
25.7031
26.1406
26.7656
27.8281
28.7188
27.7812
24.7969
25.125
23.125
31.8438
40.9688
35.9062
31.0469
28.4844
27.0625
26.8594
25.5312
25.3438
25.25
25.4844
25.8594
26.7188
27.5312
26.7969
24.2188
24.5312
22.7031
27.5469
33.875
27.875
23.2812
20.5938
20.0156
20.0156
19.1094
19.0469
19.0781
19.4219
19.9219
20.7656
21.5156
20.9531
18.8906
19.8906
19.5
23.8438
28.7031
22.9375
18.5156
15.375
14.7734
14.4453
13.5156
13.375
13.4297
13.6797
13.9922
14.7891
16.3438
16.7344
15.3984
17.3438
18.3281
20.6562
24.6562
21.2812
18.75
16.3594
15
14.2578
13.1484
12.7031
12.5078
12.5547
12.7344
13.4688
15.1562
15.6797
15.6094
18.9062
20.3906
18.5
21.5
20.7031
20.1719
18.9688
18.0469
17.3281
16.3125
15.8984
15.5312
15.4219
15.5078
16.0781
16.9375
16.9688
17.4688
21.2344
21.7344
13.7578
10.5547
8.72656
8.78125
8.88281
9.16406
9.57812
9.73438
9.97656
9.92188
9.85156
9.72656
9.69531
9.57812
9.03125
9.07031
10.6016
13.0156
