-5.22656
-6.91016
-6.78516
-6.10547
-6.30859
-6.46484
-6.30078
-6.24219
-6.19141
-6.26953
-6.3125
-6.27344
-6.27734
-6.11719
-5.83984
-6.75391
-6.82812
-5.18359
-6.875
-9.21875
-8.88281
-7.75391
-8.22656
-8.39844
-8.33594
-8.28906
-8.28906
-8.3125
-8.32812
-8.3125
-8.34375
-8
-7.49609
-8.85156
-9.05469
-7.01562
-6.70703
-8.83594
-8.92188
-7.59375
-7.75
-7.36719
-7.19922
-7.16016
-7.10938
-7.19141
-7.21094
-7.21094
-7.29688
-7.01953
-7.09766
-8.63281
-8.94531
-6.76953
-5.875
-7.54297
-7.21094
-5.69922
-4.78906
-4.07031
-3.54883
-3.46289
-3.31445
-3.29102
-3.35156
-3.50977
-3.78125
-3.86914
-4.50391
-6.79688
-7.48047
-6.01953
-6.18359
-7.83203
-7.46094
-5.05859
-3.79492
-1.81934
-1.00293
-0.631348
-0.222168
-0.28418
-0.348877
-0.673828
-1.27246
-1.46777
-3.39648
-6.20703
-7.89844
-6.17188
-6.39844
-8.15625
-6.90234
-4.46094
-2.03906
-0.468262
0.726074
1.25391
1.73926
1.69336
1.5498
1.15527
0.470947
-0.0681763
-1.7041
-5.65234
-7.66016
-6.55078
-6.28125
-7.8125
-6.60547
-3.72656
-1.61914
0.214233
1.26074
1.83301
2.35938
2.25391
2.15234
1.74414
1.06836
0.787598
-1.06543
-5.06641
-7.45703
-6.4375
-6.16016
-7.75
-6.30469
-3.45898
-0.992676
0.685547
1.64453
2.19336
2.64648
2.53125
2.38477
1.9834
1.41406
1.18359
-0.592285
-4.92969
-7.25781
-6.41797
-6.04297
-7.57031
-6.04688
-3.06055
-0.43042
1.35938
2.30078
2.75
3.21289
3.0957
2.94336
2.53711
2.04883
1.73828
-0.0311127
-4.59375
-7.02734
-6.28906
-6.12109
-7.60156
-6.1875
-3.11914
-0.576172
1.33008
2.26172
2.72656
3.20312
3.0918
2.95117
2.55859
2.02148
1.80859
-0.119202
-4.54297
-7.04297
-6.22656
-6.13672
-7.66797
-6.15234
-3.24414
-0.42749
1.21777
2.2832
2.72461
3.20898
3.10938
2.9375
2.58789
2.10156
1.75879
0.0288239
-4.54297
-7.02734
-6.25
-6.16406
-7.73047
-6.39453
-3.35547
-1.0332
0.88623
1.83691
2.375
2.91406
2.79688
2.67383
2.29688
1.71484
1.61523
-0.509277
-4.67969
-7.21094
-6.29297
-6.33594
-7.90625
-6.59766
-3.89844
-1.61816
-0.20813
0.819336
1.45801
2.00195
1.90234
1.74805
1.37891
0.734863
0.356445
-1.30566
-5.41797
-7.60547
-6.51562
-6.16406
-7.62109
-6.63672
-3.99219
-2.23438
-0.672852
0.395264
1.02441
1.54785
1.44824
1.28613
0.876953
0.0875244
-0.549805
-2.25
-5.83203
-7.77344
-6.42969
-5.83594
-7.18359
-6.63672
-4.46875
-3.5332
-2.17969
-1.54785
-1.02441
-0.563477
-0.664551
-0.765625
-1.27344
-1.9375
-2.37109
-3.88477
-6.46094
-7.64453
-6.08984
-6.66406
-8.52344
-8.25
-6.52344
-5.89844
-5.32812
-4.75391
-4.55078
-4.28516
-4.34766
-4.40625
-4.70312
-5.08984
-5.49219
-6.07031
-8.44531
-8.97656
-6.91406
-6.84375
-9.14844
-8.875
-7.71094
-7.93359
-7.86719
-7.68359
-7.58203
-7.41406
-7.48047
-7.52734
-7.67578
-7.85547
-7.63281
-7.50391
-9.00781
-9.35938
-6.99609
-5.25391
-6.93359
-6.89453
-6.06641
-6.27344
-6.39453
-6.26953
-6.27344
-6.19531
-6.23047
-6.23438
-6.32031
-6.3125
-6.04688
-5.76172
-6.67578
-6.97266
-5.35156
